station	year	doy	tmin_C	tmax_C	rain_mm	radn_MJ_m2	priestley_mm
1	2010	1	9.3	32	0	31.4	6.133
1	2010	2	17	31.6	0	30.1	5.735
1	2010	3	10.2	28.2	3.4	21.1	4.035
1	2010	4	8.2	25.3	0	20.2	3.976
1	2010	5	9.2	20.3	0	30.9	6.009
1	2010	6	10.3	26.9	0	30.3	5.724
1	2010	7	16.2	25.3	0	22.6	4.337
1	2010	8	9.2	19.1	0	22.4	4.205
1	2010	9	7	18.4	0	32.3	6.064
1	2010	10	12.7	22.6	9.1	26.1	4.703
1	2010	11	5.9	16.8	0	27.7	5.287
1	2010	12	10	16.2	1.3	25.6	4.775
1	2010	13	9.2	19.1	0	15	2.584
1	2010	14	12.5	17.9	0	30.6	5.982
1	2010	15	10.2	18.3	0	22.7	4.41
1	2010	16	8.6	13.8	0	19.7	3.93
1	2010	17	9.4	15.8	4.5	17.6	3.396
1	2010	18	11.2	18.4	2.3	12.2	2.143
1	2010	19	12.6	20.3	0	25.4	5.331
1	2010	20	13.6	23.4	11.5	20.6	4.092
1	2010	21	14.2	22.7	25	14.6	2.814
1	2010	22	14.7	14.8	0	24	4.756
1	2010	23	11.1	15.4	0	20.8	4.102
1	2010	24	10.4	19.1	0	15.3	2.743
1	2010	25	11	18.8	0	25.5	5.154
1	2010	26	9	20.8	20	21.2	4.374
1	2010	27	13.9	23	12.5	24.8	5.031
1	2010	28	13.3	21.6	0	28	5.798
1	2010	29	13.4	21.8	0	26.9	5.575
1	2010	30	14.3	29.1	2.2	21.8	4.415
1	2010	31	9.3	18.3	53.2	3.8	0.315
1	2010	32	4.9	19	0	16.3	3.214
1	2010	33	11.1	21.8	0	20.3	4.21
1	2010	34	11.9	24	0	24.6	5.033
1	2010	35	12.4	22.4	0	25.6	5.235
1	2010	36	10.1	21.6	0	19	3.803
1	2010	37	14.9	24.4	0	17	3.401
1	2010	38	12.5	20.5	0	23.3	4.765
1	2010	39	10.9	18.2	5.3	19.4	3.837
1	2010	40	9.9	23.2	0	23.6	4.838
1	2010	41	11.3	15	0	22.1	4.317
1	2010	42	11.9	17.6	0	18.9	3.679
1	2010	43	12.6	23.8	7.7	17.3	3.291
1	2010	44	15.3	25	2.7	19.7	3.956
1	2010	45	7.8	20.1	0	20.6	4.23
1	2010	46	11	15.4	0	11	1.955
1	2010	47	9.8	21.4	0	11.7	2.093
1	2010	48	9.3	17.9	0	11.3	2.07
1	2010	49	14.1	17.2	0	10.5	1.885
1	2010	50	7.4	21.3	0	26.4	5.431
1	2010	51	8.2	22.8	0	24.3	4.637
1	2010	52	10.9	25.5	0	22.9	4.332
1	2010	53	9.8	27.6	0	24.7	4.919
1	2010	54	12.9	32.3	0	16.8	3.241
1	2010	55	13.7	28.7	0	19.5	3.961
1	2010	56	17.6	26.9	7.2	13	2.421
1	2010	57	11.1	21.5	0	21.2	4.14
1	2010	58	10.8	28.1	0	24.1	4.782
1	2010	59	12.7	25.7	0	22.1	4.35
1	2010	60	12	24.3	0	21.1	4.09
1	2010	61	11	20.8	0	12.8	2.302
1	2010	62	11.8	20	0	20	3.872
1	2010	63	7.6	28	0	23.5	4.566
1	2010	64	8.3	20	0	24.4	4.728
1	2010	65	11.4	20.1	0	20.7	4.088
1	2010	66	10.5	20.6	0	17.4	3.259
1	2010	67	10	24.4	0	21.5	4.004
1	2010	68	9	23	0	13.6	2.444
1	2010	69	12.3	21	0	20.2	3.98
1	2010	70	12.4	15.8	0	12.4	2.108
1	2010	71	3.4	14.4	0	17.8	3.222
1	2010	72	3.7	22.5	0	16.9	2.838
1	2010	73	8.1	29.6	0	21.4	4.007
1	2010	74	9.4	19.8	0	19.9	3.728
1	2010	75	11	26.3	0	10.5	1.604
1	2010	76	7.3	13.2	0	15.8	2.833
1	2010	77	1.6	22.4	0	22.3	3.638
1	2010	78	5.4	18.1	0	7.7	1.038
1	2010	79	9.5	24.7	0	13	2.327
1	2010	80	12.1	22.7	0	17.6	3.402
1	2010	81	13	26.6	0	11.7	1.973
1	2010	82	8.4	24.8	1.8	8.8	1.391
1	2010	83	11.5	18.5	11.9	7.9	1.148
1	2010	84	4.3	23.3	0	13.5	2.274
1	2010	85	7.6	29	0	15.5	2.822
1	2010	86	13.4	16.5	0	16.5	2.903
1	2010	87	9.7	14.1	0	15	2.704
1	2010	88	5.5	18.9	0	16.8	3.074
1	2010	89	10.3	27.8	0	17.1	2.977
1	2010	90	12.9	27.8	0	13	2.228
1	2010	91	11.9	28.5	0	13.3	2.275
1	2010	92	10.3	20.7	0	11.9	1.943
1	2010	93	7	25.1	0	13.3	2.282
1	2010	94	8.7	12.7	0	11.2	1.841
1	2010	95	6.7	14.2	0	15.7	2.868
1	2010	96	6.6	12.6	15.4	10.7	1.759
1	2010	97	4.7	15.2	0	15.3	2.662
1	2010	98	1	15.8	0	15.7	2.534
1	2010	99	2.6	18.1	0	17.5	2.917
1	2010	100	-0.2	17.6	0	17.5	2.886
1	2010	101	8.3	23.4	0	16.6	2.759
1	2010	102	11.4	25.6	0	13.4	2.205
1	2010	103	12.3	20.6	2.7	10.6	1.653
1	2010	104	11.4	22.6	0	13.1	2.321
1	2010	105	12.5	24.5	0	12.4	2.051
1	2010	106	4.5	14.1	0	15.8	2.782
1	2010	107	6	22.5	0	7.5	0.919
1	2010	108	2.5	17.1	0	13.6	2.278
1	2010	109	8.4	17.4	0	11.2	1.78
1	2010	110	5.8	22.4	0	12.1	2.055
1	2010	111	4.8	19.4	0	8	1.068
1	2010	112	7.4	26.3	0	8.6	1.259
1	2010	113	7.2	26.6	0	10.1	1.556
1	2010	114	9.4	17.3	0	12.6	2.127
1	2010	115	9.4	21.8	0	11.2	1.865
1	2010	116	11.8	12.9	0	9.3	1.45
1	2010	117	9.9	17.7	6.3	5.7	0.722
1	2010	118	10.3	20	0	9.2	1.37
1	2010	119	11.1	20.3	0	11.9	1.963
1	2010	120	13.2	23.3	6.3	12.6	2.094
1	2010	121	1.9	14.4	2.9	8.7	1.263
1	2010	122	2.5	13.8	0	13.3	1.95
1	2010	123	4.9	20.5	0	6.9	0.799
1	2010	124	3.9	15.1	0	12.5	1.95
1	2010	125	0.2	14.3	0	13.4	2.019
1	2010	126	3.3	20.8	0	12.3	1.783
1	2010	127	9.9	19.3	0	6.4	0.773
1	2010	128	9.8	14.2	0	6.4	0.773
1	2010	129	2.5	19.1	0	6.3	0.732
1	2010	130	4.5	18.9	0	6.3	0.732
1	2010	131	1.7	15.9	0	6.6	0.837
1	2010	132	4.5	17.2	0	6.6	0.837
1	2010	133	9.7	24	0	11.3	1.794
1	2010	134	7.9	19.1	0	11.3	1.794
1	2010	135	6.2	15	0	5.6	0.648
1	2010	136	6.9	11.3	0	5.6	0.648
1	2010	137	9.2	10.6	8.4	3.7	0.274
1	2010	138	9.4	12.5	8.4	3.7	0.274
1	2010	139	7.5	11.5	0	8.5	1.327
1	2010	140	8.5	12.4	0	8.5	1.327
1	2010	141	7.4	12.5	1.1	11	1.779
1	2010	142	0.9	13.1	1.1	11	1.779
1	2010	143	3.1	11.6	8.6	6.3	0.799
1	2010	144	8.2	11.7	8.6	6.3	0.799
1	2010	145	9.3	12.1	0	8.3	1.18
1	2010	146	9.6	11.2	0	8.3	1.18
1	2010	147	4.9	6.5	0	8.5	1.173
1	2010	148	3.3	8	0	8.5	1.173
1	2010	149	4	9	0	6	0.676
1	2010	150	5.7	9.1	0	6	0.676
1	2010	151	4.3	8.5	0	8.7	1.179
1	2010	152	1.7	9	0	8.7	1.179
1	2010	153	2.6	9.2	15	5.1	0.493
1	2010	154	4.8	12.3	15	5.1	0.493
1	2010	155	-0.2	13.3	3	2.1	0
1	2010	156	2.3	11.7	0	10.8	1.621
1	2010	157	1.5	9.5	26.1	3.6	0.222
1	2010	158	4.8	8.2	2.1	1.9	0
1	2010	159	3	7.4	19.4	6.8	0.845
1	2010	160	-0.1	9.8	4.1	8.8	1.272
1	2010	161	0.5	12	3.2	4.7	0.446
1	2010	162	2.2	13	1.2	7.7	1.046
1	2010	163	3.7	13.9	3.8	6.8	0.81
1	2010	164	0.3	6.5	0	10.2	1.404
1	2010	165	-1.8	12.6	9.3	7.7	0.932
1	2010	166	2.1	11	14.6	1.9	0
1	2010	167	0.1	12.4	1.9	9.2	1.367
1	2010	168	-1	11	0	6.1	0.686
1	2010	169	0.2	13.8	0	11	1.537
1	2010	170	7	18.7	4.7	8	0.986
1	2010	171	7.7	11.3	23.1	2.2	0
1	2010	172	5.5	12	11	7.9	1.127
1	2010	173	-0.1	13.4	0	7.3	0.9
1	2010	174	0.9	7.3	0	9.9	1.237
1	2010	175	3.3	8.8	19.4	6.7	0.764
1	2010	176	2.8	9.6	3.4	5.1	0.506
1	2010	177	3.2	7.9	9.2	6	0.698
1	2010	178	4.6	9.1	7.8	6.8	0.81
1	2010	179	4.2	9.5	2.3	7.9	0.984
1	2010	180	5.2	8.8	0	9.8	1.314
1	2010	181	3.3	9.5	0	10	1.246
1	2010	182	-1.1	13.9	0	8.1	0.952
1	2010	183	-0.3	12.6	0	6.8	0.785
1	2010	184	0.7	12.9	31.7	5.1	0.502
1	2010	185	0.4	13.7	6	4.4	0.394
1	2010	186	0.1	10.6	2.2	7.2	0.955
1	2010	187	0.2	8.7	0	7.9	0.938
1	2010	188	0.3	9	0	7.5	0.896
1	2010	189	0.8	8.7	28.6	1.4	0
1	2010	190	4.1	7.4	33.2	5.6	0.587
1	2010	191	-0.9	9.1	1.2	5.9	0.635
1	2010	192	-3.5	8.1	1.1	6.2	0.684
1	2010	193	-3.3	9	13.4	4.7	0.392
1	2010	194	-2.1	11.7	16.2	7.7	0.944
1	2010	195	-0.4	11.5	0	5.8	0.624
1	2010	196	0.8	11	0	9.2	1.147
1	2010	197	2.2	7.2	0	7.9	0.977
1	2010	198	3.1	9.2	0	7.3	0.837
1	2010	199	1.8	10	0	3.1	0.122
1	2010	200	0.8	12.4	2.2	3	0.111
1	2010	201	2.9	13.1	0	5.5	0.614
1	2010	202	5.1	9.7	0	9.2	1.315
1	2010	203	5.4	9.8	0	10.8	1.548
1	2010	204	6.2	9	0	10.6	1.413
1	2010	205	4.1	9	0	10.6	1.278
1	2010	206	4.2	10.1	0	10.1	1.219
1	2010	207	4.2	14.8	0	10.3	1.299
1	2010	208	3.4	10.3	0	11	1.414
1	2010	209	-1.6	12.9	0	10.5	1.358
1	2010	210	-1.2	11.2	0	9.5	1.201
1	2010	211	-1.2	11	15.4	4.2	0.31
1	2010	212	0.5	14.9	4	6.5	0.756
1	2010	213	7.1	17.8	0	9.2	1.216
1	2010	214	11	12.3	0	6.3	0.653
1	2010	215	5.6	9.5	0	5.6	0.567
1	2010	216	5.5	10	26.7	3.2	0.144
1	2010	217	5.4	11.4	7.1	6	0.695
1	2010	218	0.5	12.9	0	7.2	0.913
1	2010	219	3.3	12.8	0	10	1.414
1	2010	220	6.6	7.2	0	11.2	1.499
1	2010	221	2.9	7.6	3	8.4	0.953
1	2010	222	-1.6	11.4	5.7	8.9	1.135
1	2010	223	-0.7	13.4	0	9.5	1.247
1	2010	224	3	16.5	0	9.5	1.233
1	2010	225	3	16.5	0	11.4	1.498
1	2010	226	7.7	11.8	0	9.8	1.252
1	2010	227	6.9	8.9	19.3	3.3	0.164
1	2010	228	5.3	8.9	0	10	1.521
1	2010	229	5	13	7.4	3.6	0.224
1	2010	230	5.2	10.6	12.5	2.2	0
1	2010	231	6.8	8.3	0	8.2	1.121
1	2010	232	4	8.3	0	8	0.985
1	2010	233	3.6	7.9	24.7	2.3	0
1	2010	234	1.1	12.5	7.3	9.6	1.358
1	2010	235	1.7	11.2	0	11	1.543
1	2010	236	3.8	13.7	0	14.1	1.923
1	2010	237	-0.2	11.7	0	12.2	1.628
1	2010	238	5.1	17.2	0	12.9	1.742
1	2010	239	3.1	15.4	0	12.9	1.742
1	2010	240	7.5	16.1	15.2	1.8	0
1	2010	241	2.6	10.4	0	3.5	0.222
1	2010	242	7.1	11.3	5.9	4.9	0.457
1	2010	243	5.5	11.6	15.3	12.7	2.021
1	2010	244	0.3	12.5	4.4	9.7	1.355
1	2010	245	5.1	16	0	10.6	1.486
1	2010	246	1.5	12.2	10.9	5.3	0.508
1	2010	247	0.4	15.1	0	8.1	1.071
1	2010	248	5.3	18.4	3.7	11.7	1.618
1	2010	249	11.4	21	3.7	14.4	2.179
1	2010	250	7.7	11.9	0	15.9	2.431
1	2010	251	8.1	11.5	12.4	11.5	1.606
1	2010	252	7	11	6.9	11.9	1.853
1	2010	253	7.8	13.5	3.7	7	0.893
1	2010	254	6.2	18.2	10.8	10	1.455
1	2010	255	8.7	15.7	5.4	7.4	0.946
1	2010	256	9.1	15.1	1.7	13.3	2.022
1	2010	257	7.2	17.6	3.4	8.4	1.119
1	2010	258	3.6	12.7	0	14.2	2.193
1	2010	259	3.6	15.8	7.5	6	0.632
1	2010	260	6.9	12.1	3.7	14.4	2.225
1	2010	261	1.6	15.1	0	16.9	2.589
1	2010	262	0	13.4	0	10.3	1.418
1	2010	263	3.5	15.3	21.1	2.5	0.022
1	2010	264	4.3	14.6	1.2	6.2	0.755
1	2010	265	1	14.4	0	12.5	1.903
1	2010	266	3.9	13.1	21	5.1	0.525
1	2010	267	2.8	18.6	0	14.6	2.453
1	2010	268	5.9	19.1	21.2	6	0.67
1	2010	269	10	22	3	8.7	1.281
1	2010	270	5.4	21.3	0	11.5	1.813
1	2010	271	6.8	20.2	4.4	13.5	2.136
1	2010	272	11.8	23.3	5	16.6	2.714
1	2010	273	6.9	20.4	7.7	6.8	0.829
1	2010	274	5.2	16.7	11.3	11.3	1.73
1	2010	275	3.2	15.6	6.9	12.2	1.849
1	2010	276	2.3	16.3	3.4	14.6	2.417
1	2010	277	1.8	13.7	11.2	13.4	2.091
1	2010	278	3.5	16	8.6	15.3	2.517
1	2010	279	6.3	22.4	2.9	18.2	2.919
1	2010	280	4.4	14.7	2.2	15.6	2.489
1	2010	281	6.6	16.1	3.1	16.6	2.675
1	2010	282	7.2	13	2.9	10.4	1.589
1	2010	283	4.7	17.5	0	11.9	1.873
1	2010	284	2.8	12.9	0	15.5	2.72
1	2010	285	0.1	19.1	0	18.2	3.166
1	2010	286	4.2	17.2	0	15.8	2.787
1	2010	287	5.4	14.6	18.9	5.1	0.56
1	2010	288	7.4	17.1	0	13.3	2.16
1	2010	289	7.9	21.6	0	23.1	3.911
1	2010	290	10.1	23.8	0	21.2	3.493
1	2010	291	4.6	13.4	0	23.9	4.162
1	2010	292	2.7	20.5	0	21	3.57
1	2010	293	2.6	15.3	0	18.3	3.183
1	2010	294	7	15.1	0	16.3	2.762
1	2010	295	4	15.7	4.1	16.4	2.773
1	2010	296	5.5	17.4	0	19	3.33
1	2010	297	9.2	20.6	5.3	19	3.056
1	2010	298	10.2	20.2	0	13.5	2.035
1	2010	299	9.1	16.2	0	24.6	3.87
1	2010	300	9.7	19.1	2.1	9.7	1.458
1	2010	301	8.5	23.6	8.9	12	2.01
1	2010	302	9.5	12.4	0	14.6	2.541
1	2010	303	7.6	14.2	0	19.8	3.563
1	2010	304	3.8	14.9	5	6.8	0.877
1	2010	305	4.4	16	0	20.2	3.484
1	2010	306	7.6	17.8	4.1	19.4	3.173
1	2010	307	8.1	22.4	0	21.8	3.776
1	2010	308	7.4	24	2.7	17.3	2.863
1	2010	309	8.7	12.8	0	27.2	4.785
1	2010	310	5.6	12.6	0	26.4	4.62
1	2010	311	2.2	15.9	0	25.5	4.608
1	2010	312	9.2	15	0	25.5	4.676
1	2010	313	8	17.7	0	24.8	4.539
1	2010	314	7.8	23.2	0	20.2	3.668
1	2010	315	10.4	26.5	0	17.2	3.06
1	2010	316	10.5	26.4	0	25.5	4.715
1	2010	317	11.8	23.4	0	27.3	5.124
1	2010	318	14	16.5	0	25.8	4.505
1	2010	319	9.4	18.1	0	24.3	4.179
1	2010	320	10.4	28.9	0	23.9	4.185
1	2010	321	9.5	16.9	0	18.5	3.233
1	2010	322	10.1	24.7	11.8	21.8	3.768
1	2010	323	12.6	26.1	2.2	21.7	4.03
1	2010	324	11.9	14.9	0	29.3	5.292
1	2010	325	9.3	19.2	0	29.9	5.259
1	2010	326	6.9	15.7	0	27.5	4.938
1	2010	327	5.9	18	0	19.1	3.427
1	2010	328	5.9	20.7	0	27.4	5.156
1	2010	329	10.6	22.8	0	19.6	3.392
1	2010	330	11.7	24.2	0	13.9	2.344
1	2010	331	13.4	25.7	0	23	4.223
1	2010	332	14.8	22.6	0	20.6	3.942
1	2010	333	13	25.4	0	21.8	4.272
1	2010	334	11.8	20.3	0	24.4	4.797
1	2010	335	12	17.4	0	29.3	5.604
1	2010	336	11.8	16.6	0	21.4	4.079
1	2010	337	11.5	20.2	0	17.7	3.412
1	2010	338	13	22.4	4.2	13.3	2.496
1	2010	339	10.1	25.6	0	25	4.833
1	2010	340	13	23.7	0	27.9	5.339
1	2010	341	9.3	13.6	1.2	24	4.5
1	2010	342	8.4	13.4	0	24.7	4.514
1	2010	343	7.2	17.2	0	29.6	5.408
1	2010	344	7.1	22	0	26.4	5.248
1	2010	345	12.8	27.6	0	31.9	6.369
1	2010	346	9.3	22.8	0	25.2	5.126
1	2010	347	15.2	27.6	0	19	3.719
1	2010	348	13.1	20.7	0	20.8	4.079
1	2010	349	12.8	19.3	2.6	24.1	4.856
1	2010	350	11.2	19.7	0	16.1	3.064
1	2010	351	14.5	24.4	0	21.5	4.238
1	2010	352	15.7	31.7	0	24	4.902
1	2010	353	14.9	25.7	0	22.8	4.543
1	2010	354	16.7	28.4	0	23.4	4.469
1	2010	355	20.1	29.7	0	25.4	5.098
1	2010	356	17.5	26.8	0	22	4.208
1	2010	357	7.4	24.4	0	25.1	4.868
1	2010	358	14.4	22.7	0	28.6	5.469
1	2010	359	7.1	22.5	0	17.8	3.294
1	2010	360	13.3	23.5	0	26	5.495
1	2010	361	16.5	29	0	20.4	4.18
1	2010	362	14.8	16.4	0	12.7	2.38
1	2010	363	6.9	20.7	0	26.7	5.791
1	2010	364	12.5	24.4	4.8	8.7	1.411
1	2010	365	11.5	20.9	7.1	9.1	1.528
1	2011	1	11.3	22.5	0	15.5	3.09
1	2011	2	12.7	30.3	36.5	5.5	0.713
1	2011	3	15.1	28.7	25.1	9.2	1.581
1	2011	4	14.3	19.7	1.3	21.8	4.673
1	2011	5	13.8	17.4	0	12.8	2.498
1	2011	6	14.7	27.1	0	31.7	6.45
1	2011	7	13.5	24.8	0	11.5	1.875
1	2011	8	9.7	18.3	0	23.1	4.33
1	2011	9	6.8	22	0	19.3	3.486
1	2011	10	10.5	21.3	0	21.6	4.102
1	2011	11	12.4	17.6	14.2	6.8	0.993
1	2011	12	12	16.4	0	32.2	6.377
1	2011	13	8.8	18.7	0	19.7	3.748
1	2011	14	6.4	21.9	0	29	6.08
1	2011	15	11.7	29.5	0	30.3	6.006
1	2011	16	17	32.5	0	30	6.157
1	2011	17	13.2	21.7	0	31.5	6.578
1	2011	18	14.1	22.6	0	23.2	4.843
1	2011	19	12.6	28	0	26.2	5.531
1	2011	20	9.8	14.8	0	17.5	3.523
1	2011	21	10.3	15.4	0	23.1	4.872
1	2011	22	10.7	18	0	32.7	6.849
1	2011	23	8.6	17.2	0	29.9	6.077
1	2011	24	8.4	20.9	0	26.9	5.471
1	2011	25	12.4	22.8	0	28.6	5.978
1	2011	26	11.6	25.7	0	24	4.778
1	2011	27	14.9	20.7	0	24.9	4.982
1	2011	28	9.9	21.9	0	24.3	4.849
1	2011	29	14.3	20.2	0	25.9	5.456
1	2011	30	8.6	24.1	0	30	6.152
1	2011	31	13	19.1	14.7	22.5	4.553
1	2011	32	8	27.4	10.6	8.5	1.429
1	2011	33	15.9	30.8	0	26.6	5.614
1	2011	34	10.5	20.5	0	30.2	6.114
1	2011	35	13.7	22.4	21.5	21.1	4.165
1	2011	36	13.3	29.4	71.5	6.1	0.795
1	2011	37	15.8	35.3	41.5	5.7	0.738
1	2011	38	12.7	15.6	0	14.8	2.716
1	2011	39	11	24.8	0	14.6	2.791
1	2011	40	9.6	17.8	0	25.9	5.496
1	2011	41	6.9	23.2	0	27.3	5.519
1	2011	42	10.5	20.4	68.4	14.9	2.82
1	2011	43	14.1	28.1	0	24.8	4.974
1	2011	44	14.7	20.4	0	22.8	4.298
1	2011	45	12.9	17.9	1.3	9.2	1.485
1	2011	46	7.7	20.5	0	29.8	5.991
1	2011	47	8	21.6	0	21	4.1
1	2011	48	10	21.1	0	8.6	1.398
1	2011	49	13.5	25.1	0	9.7	1.714
1	2011	50	14.8	18.8	0	20.9	4.452
1	2011	51	13.6	22.3	0	17.6	3.543
1	2011	52	15.3	29.5	0	11.9	2.24
1	2011	53	12.2	14.7	0	22.2	4.656
1	2011	54	11	16.6	0	16.5	3.141
1	2011	55	9.6	21.4	0	19	3.67
1	2011	56	12.7	15.6	4.5	16.4	3.16
1	2011	57	10.9	16.8	0	23	4.749
1	2011	58	7.5	20	0	19.1	3.938
1	2011	59	9.6	25.2	0	24.7	5.23
1	2011	60	13	27.9	3.8	21.7	4.47
1	2011	61	17.7	26.6	0	8.8	1.418
1	2011	62	5.7	22.7	0	24.2	4.869
1	2011	63	14.4	29.6	0	25.2	5.01
1	2011	64	10.7	23	0	21.2	4.12
1	2011	65	7.4	14.9	0	20.5	4.184
1	2011	66	6.4	16.1	0	20.7	4.242
1	2011	67	7.4	18.4	5.1	16.2	3.133
1	2011	68	6.3	19.3	0	21	4.308
1	2011	69	10.3	20.3	0	17.5	3.357
1	2011	70	11.2	19.1	0	24.4	4.858
1	2011	71	12.8	17	0	22.5	4.371
1	2011	72	12.5	21.3	0	24.3	4.738
1	2011	73	11.6	27.9	0	17.4	3.171
1	2011	74	11.9	17.6	0	18.2	3.516
1	2011	75	8.4	19.5	2	9.4	1.56
1	2011	76	10.9	21.1	0	18.9	3.717
1	2011	77	10	22.4	58.7	7.9	1.246
1	2011	78	10.4	13.9	29.1	5.6	0.718
1	2011	79	10.2	15.2	0	17.4	3.18
1	2011	80	11.6	18.6	0	24.3	4.281
1	2011	81	11.3	17	0	24.2	4.34
1	2011	82	10.4	15.6	0	23.2	4.29
1	2011	83	5.4	16.9	0	21.8	4.026
1	2011	84	7.2	18.8	0	21.1	3.829
1	2011	85	10.5	27.6	0	20.6	3.858
1	2011	86	12.3	19.3	0	16.5	3.079
1	2011	87	4	18.4	0	20.2	3.968
1	2011	88	6.5	23.9	0	16.7	3.204
1	2011	89	6.8	18.9	0	18.4	3.49
1	2011	90	11.3	21.2	0	20.6	4.031
1	2011	91	10.3	14	10.6	10.7	1.805
1	2011	92	5.3	17.3	0	19.6	3.635
1	2011	93	5.7	18.2	1.9	17.6	3.2
1	2011	94	11.8	16.2	25.7	6	0.762
1	2011	95	6.6	13.6	0	15.8	3.082
1	2011	96	5	14.9	0	15.7	2.98
1	2011	97	6.4	13.7	0	19.3	3.597
1	2011	98	6.7	16.3	10.6	6.5	0.865
1	2011	99	8.4	16	26.4	4.1	0.377
1	2011	100	4.1	16.9	1.4	6.4	0.906
1	2011	101	6.9	23.6	0	19.8	3.754
1	2011	102	5.7	21.2	0	18.6	3.301
1	2011	103	6.8	19.4	0	19.4	3.571
1	2011	104	9	14.5	0	17.7	3.04
1	2011	105	10.5	14.7	0	11.5	1.882
1	2011	106	11.8	14	0	16.4	2.826
1	2011	107	10.3	14.2	2.6	15.2	2.692
1	2011	108	5.6	10.6	10.2	15.2	2.817
1	2011	109	1.5	14	6.7	12.7	2.056
1	2011	110	6.1	12.9	0	13.6	2.127
1	2011	111	8.6	15.2	2.1	12.8	2.096
1	2011	112	7.7	19.9	0	17.2	2.813
1	2011	113	12.5	23	0	15	2.56
1	2011	114	8.5	24.6	0	10.2	1.594
1	2011	115	9.1	10.3	0	10.6	1.695
1	2011	116	5.7	11.4	0	16.7	2.851
1	2011	117	3.4	9.9	0	14.9	2.566
1	2011	118	-1.6	12.8	0	14.4	2.466
1	2011	119	-0.6	18.6	5.8	11.2	1.772
1	2011	120	3.9	22.3	8.5	4.8	0.501
1	2011	121	6.2	13.8	2.1	12.9	2.231
1	2011	122	9	13.8	4.9	9.9	1.433
1	2011	123	10.4	13.9	0	15.8	2.493
1	2011	124	10.6	14.6	0	11.1	1.767
1	2011	125	9.4	16.5	0	11.8	1.869
1	2011	126	10.1	12.1	0	7.2	0.969
1	2011	127	10.5	12.8	0	10.6	1.665
1	2011	128	7.1	16.2	6.5	8.5	1.256
1	2011	129	7.7	14.4	65.2	3.1	0.146
1	2011	130	9.9	13.9	0	7.9	1.118
1	2011	131	9.6	20.1	0	5	0.538
1	2011	132	12	21.5	0	6.9	0.904
1	2011	133	7.4	13.8	0	13.5	2.12
1	2011	134	7.7	20.6	0	12	1.797
1	2011	135	9	13.6	5.3	5.3	0.584
1	2011	136	3.2	16.7	7.5	3.4	0.21
1	2011	137	6.9	17.4	0	8.9	1.396
1	2011	138	3.1	13.7	0	9.4	1.486
1	2011	139	5.2	16.1	2	9.4	1.422
1	2011	140	6.1	16.9	5.2	6.2	0.79
1	2011	141	5.9	15.7	0	10.6	1.742
1	2011	142	5.4	16.2	0	10.9	1.771
1	2011	143	7.2	15.4	0	7.9	1.069
1	2011	144	7.4	18.4	0	6.8	0.872
1	2011	145	10.6	19.1	14.4	2.8	0.085
1	2011	146	8.8	10.2	0	10.6	1.78
1	2011	147	7.3	11.6	3	7.8	1.119
1	2011	148	4.8	12.9	0	10.2	1.594
1	2011	149	0.5	14.3	4.8	5.6	0.633
1	2011	150	1.6	17.7	4.9	7.3	0.963
1	2011	151	2.1	16.9	2.9	8.6	1.263
1	2011	152	4.9	14.5	0	10.2	1.452
1	2011	153	4.3	12.9	0	9.7	1.294
1	2011	154	1.9	12.7	0	6.7	0.791
1	2011	155	6.4	16.2	0	7.7	1.006
1	2011	156	11.7	15.3	0	8.2	1.106
1	2011	157	6.9	13.8	0	7.6	1.023
1	2011	158	6.9	15.1	0	5.5	0.574
1	2011	159	7.2	11.6	26.3	6.1	0.734
1	2011	160	4.7	12.2	45.5	0.9	0
1	2011	161	5.5	10	2.4	6.1	0.758
1	2011	162	1.8	10.3	0	8.2	1.143
1	2011	163	-0.4	11.7	0	9.7	1.317
1	2011	164	0.7	13.5	0	7.3	0.913
1	2011	165	0.3	13.6	0	8.1	1.075
1	2011	166	3.3	18	0	9.6	1.393
1	2011	167	2.2	13.4	0	9	1.177
1	2011	168	-1	9.5	0	4.2	0.344
1	2011	169	0.9	11.3	7.1	1.9	0
1	2011	170	5.2	11	0	7	0.975
1	2011	171	6.9	9.4	0	4.9	0.511
1	2011	172	5.5	8.7	3.1	4.6	0.442
1	2011	173	5	12.3	0	8.4	1.186
1	2011	174	5.6	12.4	6.2	5.4	0.524
1	2011	175	4.6	11.5	31.4	1.3	0
1	2011	176	-0.2	12.5	17.2	6.1	0.739
1	2011	177	1.3	10.4	0	7.8	1.067
1	2011	178	0.1	12.8	0	6.4	0.752
1	2011	179	2.6	8.7	0	4.4	0.386
1	2011	180	4.7	9.3	0	5.5	0.591
1	2011	181	1.6	10.6	0	9.2	1.272
1	2011	182	-1.2	9.6	11.3	3.5	0.197
1	2011	183	-3	11.6	7.4	4.7	0.446
1	2011	184	-3	11.6	9.6	4.3	0.373
1	2011	185	-0.6	12.7	25.1	4.4	0.379
1	2011	186	-0.6	13.2	0	9.1	1.271
1	2011	187	2.2	15.2	0	4	0.297
1	2011	188	2.4	13.5	8.6	2.4	0.003
1	2011	189	1.7	12.5	7.2	4.3	0.346
1	2011	190	3.1	11.9	1.4	7.9	1.027
1	2011	191	2.7	13.7	0	8.9	1.169
1	2011	192	4.8	11.4	5.1	8.3	1.001
1	2011	193	1.2	11.6	12.2	6.3	0.701
1	2011	194	2.6	13.4	0	5.3	0.54
1	2011	195	1.5	10.1	0	9.6	1.206
1	2011	196	-0.6	9.3	0	9.7	1.217
1	2011	197	3.1	13.2	0	5.4	0.51
1	2011	198	1.6	13.5	0	5.4	0.51
1	2011	199	0.7	11.1	0	6.2	0.678
1	2011	200	2.8	11.1	10.1	8.3	1.097
1	2011	201	-1.4	12.5	10.1	5	0.495
1	2011	202	0.5	8.8	22.1	6	0.673
1	2011	203	-1.7	6.9	4.1	7	0.852
1	2011	204	0.3	7.3	13.9	5.8	0.648
1	2011	205	0	5.3	8	6.7	0.84
1	2011	206	-0.5	4.9	20.8	6	0.693
1	2011	207	-3.3	10.4	16.9	6.8	0.815
1	2011	208	0.4	15.5	14.4	5.9	0.67
1	2011	209	1.7	16.4	18.4	1.4	0
1	2011	210	5.9	15.9	3.9	6.8	0.745
1	2011	211	4.6	8.8	0	8.9	1.05
1	2011	212	-1.4	12.4	0	9	1.102
1	2011	213	-1.1	12.4	0	10.7	1.408
1	2011	214	-1.2	15.8	0	10.7	1.416
1	2011	215	-0.6	14.6	0	5.4	0.519
1	2011	216	-1.1	14.4	2	2.1	0
1	2011	217	2.1	12.8	0	5.7	0.645
1	2011	218	5.3	14.7	12.6	5.1	0.537
1	2011	219	1.5	10.1	2.9	6.2	0.728
1	2011	220	-1.2	17.9	0	6.4	0.662
1	2011	221	-0.6	12.3	0	11	1.349
1	2011	222	-0.3	11.1	5.2	7.4	0.844
1	2011	223	-0.3	9.9	0	8.6	1.143
1	2011	224	2.7	8.8	1.7	7.2	0.893
1	2011	225	4.7	9	0	8.1	1.066
1	2011	226	2.5	10.3	0	11.9	1.581
1	2011	227	-1.2	4.8	0	8.3	0.948
1	2011	228	-0.6	5.3	0	9.2	1.179
1	2011	229	0.8	5.5	0	9	1.159
1	2011	230	2.1	6.9	0	12.3	1.703
1	2011	231	3	8.3	0	10	1.295
1	2011	232	-1.2	12.4	0	4.4	0.339
1	2011	233	-0.6	14.2	10.8	5.1	0.488
1	2011	234	-0.3	16.4	0	8	0.975
1	2011	235	0.8	14.9	0	8.8	1.179
1	2011	236	2	20.8	7	11.8	1.726
1	2011	237	2	18.3	8.3	8.2	1.124
1	2011	238	4.3	16	0	7.7	1.011
1	2011	239	5.4	16.8	0	9.3	1.281
1	2011	240	3.7	13.5	6.9	10.7	1.498
1	2011	241	5.6	13.4	0	11.5	1.449
1	2011	242	4.2	18.3	0	9.2	1.023
1	2011	243	3.4	13.8	0	12.7	1.665
1	2011	244	4.4	12.2	0	14.2	1.942
1	2011	245	-0.3	11.6	0	14.9	2.045
1	2011	246	0.1	16.8	0	15	2.068
1	2011	247	1.6	15.5	0	14.4	1.931
1	2011	248	3.8	16.6	0	15.2	2.173
1	2011	249	2.6	13.9	0	14.1	2.16
1	2011	250	4.8	13.6	0	7.4	0.904
1	2011	251	4.5	17.1	0	8.6	1.176
1	2011	252	6.3	17.9	0	14	2.208
1	2011	253	5.3	19	0	11.5	1.639
1	2011	254	10.4	14.1	0	9.6	1.344
1	2011	255	2.7	14.8	4	7.7	0.993
1	2011	256	1.3	12.3	4.4	6.7	0.852
1	2011	257	-0.1	13	0	11.3	1.753
1	2011	258	2.2	11.5	2.2	11.8	1.764
1	2011	259	0.7	14.3	1.2	12.1	1.69
1	2011	260	2.5	13.3	0	12.3	1.674
1	2011	261	1.8	16.1	0	16.1	2.618
1	2011	262	6.8	10.6	0	16.2	2.508
1	2011	263	2.5	11.4	0	14	2.156
1	2011	264	3.3	12.1	0	14	2.129
1	2011	265	4.7	13.1	0	10.9	1.586
1	2011	266	4.2	16.1	0	17.8	2.862
1	2011	267	6.1	19.3	0	18.8	3.033
1	2011	268	3.2	10.7	26.2	3.5	0.207
1	2011	269	-0.6	16.1	3.5	12.6	1.931
1	2011	270	1.7	20.2	8.9	14.8	2.341
1	2011	271	4.3	19.5	1.2	16.8	2.715
1	2011	272	5.3	13.7	4.4	12.5	1.969
1	2011	273	7.1	16.3	5.4	13.6	2.089
1	2011	274	6.9	18.7	0	12.6	1.935
1	2011	275	9.6	22.3	1.4	10	1.532
1	2011	276	9.9	12.1	19.7	5.9	0.737
1	2011	277	6.2	7.6	0	19.1	3.53
1	2011	278	5.9	9.3	2.4	16.5	2.858
1	2011	279	3.8	12.5	0	21.5	3.802
1	2011	280	3.3	12.1	0	20.7	3.531
1	2011	281	4.8	10.5	0	17	2.707
1	2011	282	-0.3	13.3	0	18.9	3.177
1	2011	283	2.5	13.7	17.1	9	1.288
1	2011	284	9.1	19.4	14.1	15.3	2.724
1	2011	285	8.3	21.8	4	6.8	0.926
1	2011	286	8.8	17.2	7.8	10.8	1.722
1	2011	287	7.4	10.2	2.9	20.3	3.443
1	2011	288	6	12.5	2.7	17.8	2.953
1	2011	289	6.3	15.2	0	24.1	4.219
1	2011	290	5.9	18.9	18.9	10.6	1.511
1	2011	291	9.2	13.5	5.9	17.3	2.885
1	2011	292	7	10	5.4	16.3	2.636
1	2011	293	4.9	18	0	24.4	4.273
1	2011	294	8.9	17.7	0	24.1	4.311
1	2011	295	8	14.9	0	6	0.74
1	2011	296	8.4	16.7	0	14.5	2.425
1	2011	297	7.7	21.2	0	21.4	3.771
1	2011	298	8.6	15.9	0	23.9	4.257
1	2011	299	8.2	12.7	0	11.8	1.871
1	2011	300	6.7	14.1	3.5	12.6	2.138
1	2011	301	4.6	15.6	0	11.6	1.889
1	2011	302	8.4	22.4	2	12.5	2.078
1	2011	303	8.4	19.6	0	23.8	4.576
1	2011	304	10.8	25.2	0	17.5	3.067
1	2011	305	10.3	23.1	8.2	10.9	1.8
1	2011	306	9.4	16.7	1.4	18.3	3.441
1	2011	307	7.4	19.8	2.6	24.4	4.565
1	2011	308	5.5	15.5	2.2	25	4.594
1	2011	309	1.3	15.7	0	21.9	3.808
1	2011	310	3.4	22.1	3.4	14.4	2.228
1	2011	311	4.4	19.7	0	15.2	2.525
1	2011	312	10.8	18.1	0	14.8	2.47
1	2011	313	10.1	14.2	2.1	15.7	2.823
1	2011	314	8.4	15.9	0	25.7	4.997
1	2011	315	7.5	17.1	0	29.9	5.41
1	2011	316	10.3	13.4	0	15.8	2.595
1	2011	317	5	16.2	0	26.2	4.838
1	2011	318	8.2	16.9	0	26.7	4.729
1	2011	319	8	20.4	1.8	27.2	4.874
1	2011	320	8.2	17.7	0	24.5	4.614
1	2011	321	7.1	18.2	0	24	4.241
1	2011	322	3.4	15.9	0	27.8	5.007
1	2011	323	7.1	17.4	0	26.7	4.78
1	2011	324	8.7	24.8	0	25.9	4.663
1	2011	325	8.9	14.8	0	16.5	2.909
1	2011	326	3.8	22.8	0	24.4	4.495
1	2011	327	11.7	16.3	2.9	16.5	2.829
1	2011	328	8.3	19.1	2	21.2	3.894
1	2011	329	8	26	0	19	3.41
1	2011	330	9.7	16.3	0	25.1	4.71
1	2011	331	6.7	23.9	0	29.6	5.747
1	2011	332	14.8	28.2	0	15.5	2.761
1	2011	333	8.5	16.2	0	18.8	3.643
1	2011	334	6.3	19.2	0	26.8	5.233
1	2011	335	10.3	24	0	23.2	4.228
1	2011	336	9.6	25.2	0	23.4	4.433
1	2011	337	10.5	25.5	3	20.7	3.968
1	2011	338	16.3	23.9	15.7	8.3	1.254
1	2011	339	10.8	17.1	0	23.9	4.906
1	2011	340	10.8	13.2	1.9	22.4	4.454
1	2011	341	9.5	12.5	0	24.4	4.542
1	2011	342	9.1	15	0	32.5	6.334
1	2011	343	6.4	18.7	0	28.3	5.554
1	2011	344	9.7	18	0	16.8	3.135
1	2011	345	12.5	18.5	1.6	20.4	3.853
1	2011	346	13.1	23.5	11.5	9.5	1.486
1	2011	347	13	24.5	0	15.7	2.899
1	2011	348	14.4	20.4	13	8.3	1.283
1	2011	349	15.5	20.8	17	6.6	0.888
1	2011	350	10.6	11.8	9.4	19.3	3.615
1	2011	351	8.5	14.5	62	17.2	3.244
1	2011	352	8.9	14.8	9.2	7.7	1.017
1	2011	353	8.4	16.2	0	19.7	3.499
1	2011	354	4.5	17.8	1.9	24.8	4.728
1	2011	355	9.6	18.8	6.3	24.6	4.714
1	2011	356	9.3	20.7	3	21.9	4.236
1	2011	357	9.5	21.2	0	26.8	5.197
1	2011	358	10.7	21.1	1.1	28.4	5.521
1	2011	359	12.4	21.9	0	24.3	4.711
1	2011	360	13.6	23.2	0	20.8	4.059
1	2011	361	13.4	26.2	0	21.9	4.232
1	2011	362	13.2	25	0	22.4	4.323
1	2011	363	12.5	22.1	12.1	10.5	1.775
1	2011	364	12.7	14.7	20.2	8.6	1.391
1	2011	365	10.8	17.8	21.6	10.7	1.91
1	2012	1	9.5	23.2	5.7	14.3	2.732
1	2012	2	11.1	15.2	0	17.1	3.253
1	2012	3	9.8	17.5	1.1	14.5	2.632
1	2012	4	9.7	24.1	3.5	18.6	3.581
1	2012	5	15.3	24.9	0	21.4	4.144
1	2012	6	7.7	20	0	20.7	3.937
1	2012	7	13.7	19.3	55.1	5.9	0.744
1	2012	8	11.5	19.6	7	9.7	1.565
1	2012	9	10.6	22.3	1.1	26.4	5.355
1	2012	10	13	22.2	0	14.1	2.587
1	2012	11	13.3	23.4	0	25.4	5.054
1	2012	12	14.1	22.8	6.9	19.3	3.836
1	2012	13	14.5	22.4	2.3	23.5	4.655
1	2012	14	13.7	24.8	0	24.5	4.73
1	2012	15	8.5	22.2	0	21.7	4.127
1	2012	16	4.1	19.2	0	30.1	5.841
1	2012	17	6.2	20.9	0	25.7	4.899
1	2012	18	8.8	27.4	0	22.8	4.479
1	2012	19	12.8	26.3	0	21.5	4.048
1	2012	20	9.6	22.2	0	23.4	4.584
1	2012	21	10.6	19.7	0	25.1	5.022
1	2012	22	9.9	15.5	0	12.6	2.174
1	2012	23	6.5	17.1	0	30.6	5.672
1	2012	24	7	19.4	0	30.4	5.614
1	2012	25	11	27	0	22	4.142
1	2012	26	11	27	0	22	4.142
1	2012	27	3.4	16.2	5.7	12.4	2.085
1	2012	28	5.3	26.2	0	25.8	4.584
1	2012	29	11.1	15.8	0	22.8	4.341
1	2012	30	9.7	21.7	0	24.9	4.811
1	2012	31	11.6	24.3	0	24.3	4.729
1	2012	32	16.4	27.1	2.3	19.6	3.708
1	2012	33	9.9	15.9	1.8	19.6	3.708
1	2012	34	11.4	17.7	0	10.7	1.782
1	2012	35	12.3	20.6	0	16.9	3.142
1	2012	36	14.5	18.3	1.4	19.3	3.689
1	2012	37	14.2	21.1	0	12.7	2.18
1	2012	38	11.3	20.4	0	22.7	4.298
1	2012	39	13.1	20.6	0	22.9	4.479
1	2012	40	12.7	22.4	0	25.9	5.313
1	2012	41	11.9	16	1.9	23.2	4.501
1	2012	42	9.7	17.9	0	22.2	4.489
1	2012	43	9.8	18	2.2	15.1	2.763
1	2012	44	11.2	17.1	0	18.6	3.643
1	2012	45	12	15.3	0	17.8	3.372
1	2012	46	12.7	18	4	10.4	1.77
1	2012	47	10	20.1	3.4	21.6	4.215
1	2012	48	10.3	22	3.7	20.3	3.968
1	2012	49	9.8	21.7	0	23	4.523
1	2012	50	10.6	15.6	0	24.9	4.868
1	2012	51	10	23.1	0	21.1	4.173
1	2012	52	13	23.8	8.3	16.4	3.122
1	2012	53	12	19.4	4.5	7.6	1.156
1	2012	54	13	26.2	9.8	8.4	1.364
1	2012	55	12.3	23.5	0	21.4	4.184
1	2012	56	8.7	19.7	0	21.1	3.968
1	2012	57	9.9	16.9	0	24.5	4.483
1	2012	58	8.9	19.8	0	23.7	4.388
1	2012	59	7.8	16.4	13	13.1	2.156
1	2012	60	9.3	20.2	3.2	12.5	2.115
1	2012	61	8.3	15.5	0	22	4.096
1	2012	62	3.3	17	10.6	10.6	1.695
1	2012	63	9.3	13.1	1.4	16.4	2.871
1	2012	64	9.4	15	0	22	3.885
1	2012	65	6.1	18.3	0	24.8	4.473
1	2012	66	11.3	24.7	0	16.4	2.844
1	2012	67	12.9	14	0	19	3.491
1	2012	68	5.5	15.6	0	13.1	2.274
1	2012	69	2.9	16.5	0	23	4.357
1	2012	70	8.6	19.3	0	13.7	2.358
1	2012	71	12.8	21.2	12.6	7.9	1.195
1	2012	72	10.7	18	0	13.3	2.353
1	2012	73	9.7	15.2	0	21.5	4.101
1	2012	74	6.6	21.3	0	20.7	3.767
1	2012	75	8.5	23	0	11.7	1.945
1	2012	76	9.5	17.7	0	21.8	3.854
1	2012	77	7.8	23.3	0	18.6	3.332
1	2012	78	8.5	26.6	6	14.1	2.489
1	2012	79	8.5	13.9	24.7	4.5	0.449
1	2012	80	5.9	15.7	0	14	2.551
1	2012	81	3.5	17.1	19.2	7.2	1.078
1	2012	82	9.9	22.1	0	15.1	2.806
1	2012	83	13.2	19.5	0	14.2	2.599
1	2012	84	12.4	26.6	6.3	11.6	1.989
1	2012	85	10.6	20.3	0	17.5	3.255
1	2012	86	3.5	18.1	0	17.5	3.255
1	2012	87	6.6	24.4	0	16	2.654
1	2012	88	7.9	13.8	0	18.5	3.284
1	2012	89	5.3	16.6	0	17.6	3.12
1	2012	90	7.4	16.6	0	17.5	3
1	2012	91	6.3	18.2	0	17.7	3.163
1	2012	92	5.4	19.1	0	12.3	2.048
1	2012	93	7.1	19.9	0	8.6	1.318
1	2012	94	6.4	17.3	0	15.2	2.836
1	2012	95	8.8	17.4	0	15.2	2.93
1	2012	96	4.4	18.8	0	17.2	3.366
1	2012	97	5.2	19.8	0	16	2.795
1	2012	98	5.9	18.2	0	13.3	2.21
1	2012	99	8.7	22.1	0	14.6	2.551
1	2012	100	8.4	20	0	16.4	2.815
1	2012	101	11.5	25	0	11.4	1.801
1	2012	102	9.3	10.5	32.8	9.2	1.425
1	2012	103	5.5	15	0	10	1.618
1	2012	104	5.3	22.9	0	11.6	1.835
1	2012	105	6.5	14.4	0	16.1	2.931
1	2012	106	6.8	18.2	0	13.2	2.215
1	2012	107	5.7	20.7	0	10	1.544
1	2012	108	9.3	12.7	0	15	2.483
1	2012	109	5.9	15.6	0	15.5	2.625
1	2012	110	3.1	16.5	0	15.9	2.549
1	2012	111	5.6	16.5	0	11.8	1.805
1	2012	112	3.9	18.5	0	15.1	2.401
1	2012	113	3.6	16.5	0	15.2	2.425
1	2012	114	5	19.7	0	14.3	2.3
1	2012	115	5.3	21.5	0	11.5	1.823
1	2012	116	3.9	20.6	0	11.8	1.893
1	2012	117	4.7	19.9	2.8	11.9	1.879
1	2012	118	8.8	21.8	4.7	10.6	1.729
1	2012	119	9.8	16.7	0	8.6	1.263
1	2012	120	6	20.3	1.8	6.4	0.793
1	2012	121	4.8	16.3	0	9.5	1.424
1	2012	122	2.7	11.4	0	12.1	1.824
1	2012	123	4	12	0	13.5	1.939
1	2012	124	-1	13.4	0	14	1.984
1	2012	125	2.6	15.3	0	13.2	1.958
1	2012	126	5.9	12.7	0	13.1	1.946
1	2012	127	8.6	12.1	0	12.9	1.904
1	2012	128	3.9	16.8	0	9.1	1.258
1	2012	129	3.9	18.9	34.7	6.5	0.832
1	2012	130	7.3	11.9	3.1	4.9	0.525
1	2012	131	8.6	11.2	0	7.7	1.089
1	2012	132	5.9	11.1	0	11.4	1.776
1	2012	133	1.4	14.3	0	10.5	1.57
1	2012	134	6.6	20.2	5	6.1	0.728
1	2012	135	8.9	17	14.2	3.5	0.225
1	2012	136	6.2	14.7	8.6	6.5	0.798
1	2012	137	4.9	10.2	3.7	7	0.87
1	2012	138	3	15.6	0	7.2	0.841
1	2012	139	1.6	12.9	0	8.9	1.241
1	2012	140	4.3	10.1	0	8.9	1.241
1	2012	141	-1.3	12.8	0	10.9	1.465
1	2012	142	0.5	13.9	0	9.1	1.203
1	2012	143	0	13	0	11	1.518
1	2012	144	2	14.7	0	10.1	1.306
1	2012	145	2.4	17.7	0	7.2	0.844
1	2012	146	5.1	11.7	0	7.5	0.954
1	2012	147	2.6	16.8	0	5.4	0.556
1	2012	148	7.1	20.7	15.7	5	0.506
1	2012	149	4.2	16.3	0	10.5	1.498
1	2012	150	0.3	11.7	0	10.5	1.498
1	2012	151	-0.4	15.5	0	6.9	0.709
1	2012	152	0.9	15.1	0	8.7	1.134
1	2012	153	0.6	13.3	0	10.1	1.329
1	2012	154	2.8	14.1	0	8.3	0.99
1	2012	155	2.6	15.8	0	7	0.827
1	2012	156	2.6	12.9	0	5.8	0.652
1	2012	157	4.1	15.2	6.3	2.3	0
1	2012	158	0.3	1.1	15.4	3.7	0.261
1	2012	159	-5.9	8.7	0	8.7	1.207
1	2012	160	-3.6	12.1	1.6	8.2	1.004
1	2012	161	1.4	11.6	0	7.2	0.884
1	2012	162	-0.9	12.5	0	5.8	0.638
1	2012	163	1.1	10.1	0	7	0.871
1	2012	164	1.9	9.2	0	8.5	1.13
1	2012	165	0.1	14.7	0	10.1	1.193
1	2012	166	5.8	6.9	0	10	1.246
1	2012	167	1	6.9	0	4.1	0.274
1	2012	168	3.2	7.7	0	10.1	1.225
1	2012	169	-3.7	6.8	0	9.5	1.089
1	2012	170	-1.6	8.2	18.4	2.2	0
1	2012	171	1.6	7.7	4.4	6.6	0.781
1	2012	172	3.4	8	2.4	5.9	0.673
1	2012	173	5.2	11.9	0	7.9	1.045
1	2012	174	-1	14.9	0	7.1	0.841
1	2012	175	1.9	18.7	8.1	5.9	0.642
1	2012	176	1.7	10.5	7.1	6.1	0.695
1	2012	177	1.6	11	2.8	7.1	0.843
1	2012	178	2.7	10.1	7.3	5.2	0.508
1	2012	179	-2.1	10.9	4.1	7.8	0.95
1	2012	180	-0.6	11.6	0	7.4	0.93
1	2012	181	2.4	9.2	0	9.5	1.309
1	2012	182	0.1	8.7	0	8.9	0.991
1	2012	183	-2.4	7	0	8.8	1.047
1	2012	184	-1.7	7.9	1.3	8.6	1.019
1	2012	185	1	7.1	16.2	2.3	0
1	2012	186	2.5	8	2.9	4.4	0.356
1	2012	187	4.8	7.6	0	3.8	0.231
1	2012	188	3.2	8.3	0	8.4	1.045
1	2012	189	-0.5	11.9	0	10	1.267
1	2012	190	-1.5	12.1	0	10	1.187
1	2012	191	-1.6	11.2	0	10	1.248
1	2012	192	-1.4	12.6	0	9.9	1.239
1	2012	193	-0.7	13.9	0	5.1	0.421
1	2012	194	0.6	14.3	0	5.7	0.556
1	2012	195	4.5	17.2	0	8	1.021
1	2012	196	6.3	13.8	2	4.8	0.428
1	2012	197	7.2	18.8	39.7	1.5	0
1	2012	198	5.9	19	12.2	2.2	0
1	2012	199	0.6	13.9	0	9.8	1.422
1	2012	200	1.7	14.8	0	10.7	1.381
1	2012	201	2.1	15.9	0	10.5	1.354
1	2012	202	-0.3	14	0	8.8	1.105
1	2012	203	0.8	12	0	6.1	0.69
1	2012	204	2.5	8.1	32.2	2.2	0
1	2012	205	1.2	11.2	30.2	1.8	0
1	2012	206	-1.4	9.1	20	5.3	0.587
1	2012	207	3.1	8.4	0	5.1	0.536
1	2012	208	-1.7	8.6	0	11.3	1.668
1	2012	209	-1.8	10.1	0	11.8	1.594
1	2012	210	-0.4	11.6	0	10.8	1.425
1	2012	211	2.3	14.8	17.4	6.1	0.675
1	2012	212	4.7	10.6	10.5	7.2	0.936
1	2012	213	7	10.8	1.2	8.9	1.135
1	2012	214	6.5	11.5	0	7.5	0.929
1	2012	215	6.2	11.9	15.1	3.6	0.224
1	2012	216	7.1	12.1	1.4	9.5	1.36
1	2012	217	8.4	12.7	6.9	5.7	0.629
1	2012	218	6.9	13.1	0	7	0.869
1	2012	219	6	12.3	1.2	7.6	0.982
1	2012	220	4.6	10.1	4.8	7.1	0.862
1	2012	221	6	10.6	4	6.7	0.773
1	2012	222	4.6	10.2	0	9.3	1.249
1	2012	223	2.2	9.4	0	10.8	1.48
1	2012	224	4.7	12	25.2	11.1	1.565
1	2012	225	5.6	9	23.2	4.1	0.326
1	2012	226	6.2	8.3	1.3	11.2	1.705
1	2012	227	6.6	10.4	2.1	7.5	0.966
1	2012	228	7.6	12.2	8.4	8.3	1.074
1	2012	229	5	13.3	2.9	9.9	1.393
1	2012	230	4.8	10.4	1.1	10.3	1.454
1	2012	231	4.5	12	0	10.9	1.622
1	2012	232	2.7	9.7	9.6	5.4	0.567
1	2012	233	6.2	11.1	7.8	7.9	1.064
1	2012	234	7	12.5	0	12.3	1.866
1	2012	235	4.2	9.9	0	15.1	2.326
1	2012	236	0.7	12.2	0	14.2	2.201
1	2012	237	1.9	14.4	0	13.6	2.02
1	2012	238	4.4	18.8	0	13.7	2.016
1	2012	239	8.6	20.1	0	10.9	1.573
1	2012	240	11	18.7	2.9	8.4	1.161
1	2012	241	1.3	14.7	0	14.5	2.226
1	2012	242	1.4	16.3	0	15.4	2.255
1	2012	243	0.2	13.4	0	14.2	2.186
1	2012	244	5.1	13.2	0	15.4	2.444
1	2012	245	6.4	16.7	0	14.3	2.096
1	2012	246	9.9	18.2	4.5	11.3	1.689
1	2012	247	7.2	11.5	21.8	4.1	0.331
1	2012	248	7.6	14.6	4	12.9	1.99
1	2012	249	2.1	19.7	0	13.8	2.177
1	2012	250	9.2	19.9	0	11.5	1.794
1	2012	251	10.7	22.1	1.9	5.9	0.687
1	2012	252	11.3	16.7	7.3	11	1.748
1	2012	253	4.2	15.5	9.9	13.8	2.196
1	2012	254	2.1	16.9	4.3	15.6	2.498
1	2012	255	2.9	10.3	6.7	14.3	2.287
1	2012	256	0.9	10.5	0	19.4	2.877
1	2012	257	-1.6	13.1	0	17.9	2.52
1	2012	258	3.2	17.9	0	15	2.176
1	2012	259	6	13	14.3	8.4	1.094
1	2012	260	7.2	13.5	11	6.7	0.841
1	2012	261	4.4	14.7	0	12.8	2.017
1	2012	262	-0.1	12.6	0	19.5	3.314
1	2012	263	0.9	14.7	0	12.2	1.808
1	2012	264	4.3	9.4	0	13.6	2.08
1	2012	265	4.6	11.9	0	21.1	3.451
1	2012	266	0.5	14.2	0	19.1	2.994
1	2012	267	-0.1	13.8	0	17	2.701
1	2012	268	-0.5	14.1	0	13.7	2.069
1	2012	269	7.4	20.3	0	16.6	2.585
1	2012	270	9.3	16.6	0	13.9	2.21
1	2012	271	6.7	14.5	1.1	10	1.496
1	2012	272	4.1	14.6	0	9.7	1.492
1	2012	273	7.1	16.9	0	16.5	2.936
1	2012	274	8.8	22.1	1.8	19.5	3.379
1	2012	275	4.3	17.8	5.8	14.3	2.35
1	2012	276	4.8	16.6	2.3	16.7	2.679
1	2012	277	6	21.7	0	16.3	2.674
1	2012	278	6	14.8	4.3	14.9	2.434
1	2012	279	6	21.5	2.6	14.1	2.165
1	2012	280	5.3	13.6	2.2	16.7	2.842
1	2012	281	2.4	14.7	0	17.3	2.744
1	2012	282	5.4	10.2	3.5	6.5	0.786
1	2012	283	5.9	13.1	0	17.1	2.933
1	2012	284	4.8	18.7	0	17	2.756
1	2012	285	5	18.6	0	22.8	3.902
1	2012	286	7.2	18	2	23.2	3.983
1	2012	287	9.3	9.8	10	8.2	1.155
1	2012	288	3.8	13.9	0	20.8	3.539
1	2012	289	4.8	13.6	0	18.5	3.029
1	2012	290	1.9	17	0	23.2	3.991
1	2012	291	7.8	23.4	9	16.5	2.823
1	2012	292	9.8	16.7	17.2	16.4	2.773
1	2012	293	6.1	13.3	0	23.4	4.003
1	2012	294	1.5	17.9	1.8	20.8	3.387
1	2012	295	7.4	21.1	25.8	3.2	0.156
1	2012	296	4	9.3	0	18.1	3.166
1	2012	297	0.3	12.9	1.1	12.5	1.92
1	2012	298	3.1	18.1	0	28.2	4.599
1	2012	299	9.6	20.3	0	21	3.325
1	2012	300	6.7	16.3	0	24.6	4.307
1	2012	301	7.9	22.8	0	22.6	3.893
1	2012	302	9.2	16.5	1.3	15.8	2.657
1	2012	303	6.9	20.5	0	14.1	2.491
1	2012	304	7.4	21	0	27	5.229
1	2012	305	6	21	0	25.2	4.62
1	2012	306	8.7	23.9	0	24.5	4.53
1	2012	307	12.1	22.7	0	12.6	2.077
1	2012	308	5.7	9.7	2.7	11.4	1.847
1	2012	309	2	14.4	0	27.2	4.68
1	2012	310	4.8	10.3	0	20.8	3.415
1	2012	311	4.3	10.9	0	22.7	3.908
1	2012	312	3.1	14.1	0	27.1	4.713
1	2012	313	0.5	16.7	0	26.5	4.639
1	2012	314	7	20.6	0	26.4	4.686
1	2012	315	5.7	22.1	0	29.4	5.232
1	2012	316	12.5	19	0	12.2	1.888
1	2012	317	6.2	12.5	7.7	16.5	2.805
1	2012	318	5.6	13.2	0	19.1	3.304
1	2012	319	2.4	17	0	20.3	3.382
1	2012	320	7.6	16	2.1	10.6	1.587
1	2012	321	5.7	17.7	0	20.6	3.631
1	2012	322	7.3	17.9	11.4	5.4	0.592
1	2012	323	7	15.3	1.4	23.2	4.154
1	2012	324	6.5	15.1	0	22	3.798
1	2012	325	8.8	14.3	0	26.7	4.621
1	2012	326	4.1	18.4	0	29.9	5.468
1	2012	327	9.1	16.7	0	29.2	5.476
1	2012	328	5.9	18	0	23.9	4.384
1	2012	329	8.6	19.8	0	25.3	4.563
1	2012	330	10.4	23.7	0	22.4	4.007
1	2012	331	9.4	16.4	0	18.8	3.411
1	2012	332	5	22.3	0	29.5	5.783
1	2012	333	8.4	18.7	0	21.7	3.985
1	2012	334	5.9	13	0	21.8	3.948
1	2012	335	4.5	13.8	0	23	4.153
1	2012	336	4.5	23.1	0	29	5.177
1	2012	337	13	28.5	10.3	8.9	1.325
1	2012	338	7.8	19.3	0	26.4	5.258
1	2012	339	8.8	23.8	5.5	18.3	3.166
1	2012	340	15.6	27.8	6.9	10.1	1.639
1	2012	341	6.5	18.1	15.1	7.7	1.199
1	2012	342	10.2	13.6	8.6	19.8	3.56
1	2012	343	8.8	20.3	0	29.5	5.623
1	2012	344	10.4	22.4	0	31.6	5.886
1	2012	345	10.7	24.8	0	31.3	5.898
1	2012	346	11.6	17.4	0	19.5	3.52
1	2012	347	9.7	18.2	0	20.2	3.788
1	2012	348	8.1	20.3	0	17.9	3.394
1	2012	349	11.8	25.9	0	23.7	4.712
1	2012	350	8	19.5	0	29	5.687
1	2012	351	12.9	27	0	27	5.265
1	2012	352	13.7	30.5	0	14	2.565
1	2012	353	12.6	17.4	0	15	2.874
1	2012	354	12.1	22.9	0	20.6	4.134
1	2012	355	9.8	24.1	0	28.8	5.756
1	2012	356	13.6	26.1	14.9	16.7	3.198
1	2012	357	11.9	19.2	0	25.3	5.182
1	2012	358	12.6	21.9	7.4	19	3.827
1	2012	359	12.6	22.1	5.9	17.4	3.522
1	2012	360	15.5	24.9	0	20.5	4.272
1	2012	361	15.4	17.3	5.9	14.5	2.809
1	2012	362	10.5	17.6	5.7	17.2	3.469
1	2012	363	11.4	21.5	6.9	9.8	1.671
1	2012	364	14	26.9	0	23.5	4.931
1	2012	365	16.9	27.9	3.5	18.6	3.735
1	2012	366	7.8	24.6	0	30.6	6.13
1	2013	1	13.7	27.6	0	30.3	5.948
1	2013	2	17.4	25.3	2.8	27.3	5.329
1	2013	3	5.4	19.9	0	12.2	2.083
1	2013	4	5.1	21	0	27.5	5.023
1	2013	5	10.7	27.3	0	32.4	6.452
1	2013	6	14	20.9	0	28.6	5.79
1	2013	7	9.6	24	0	31.3	6.417
1	2013	8	9.8	21.6	0	20.2	3.852
1	2013	9	11.6	28.9	0	28.1	5.745
1	2013	10	18.4	26.6	0	26.5	5.545
1	2013	11	12.9	26.4	0	17.6	3.402
1	2013	12	12.3	30.8	0	30.1	6.32
1	2013	13	15.1	31.1	0	20.9	4.281
1	2013	14	10.7	18.5	0	9.1	1.528
1	2013	15	12.4	14.7	3.8	15.4	2.976
1	2013	16	9	20.3	0	19.6	3.7
1	2013	17	10.4	14.7	1.8	19.8	3.685
1	2013	18	3.8	19.2	0	27.2	5.02
1	2013	19	11.1	29.6	0	25.5	4.574
1	2013	20	7.3	24.6	0	25.9	5.189
1	2013	21	8.1	20	0	24.1	4.769
1	2013	22	10	24	0	29.3	5.967
1	2013	23	12.5	30.2	0	22.8	4.664
1	2013	24	12	17.6	0	23.5	4.824
1	2013	25	7.4	20.3	0	21.3	4.393
1	2013	26	12	22.2	0	28	5.528
1	2013	27	13.1	25.9	0	29.1	5.81
1	2013	28	11.4	25	0	30.8	6.258
1	2013	29	14.3	23.8	0	30.2	6.114
1	2013	30	14.5	26.3	0	28.2	5.68
1	2013	31	11.8	31.4	0	24.1	4.856
1	2013	32	13.3	27.2	0	21.3	4.19
1	2013	33	13.2	25.1	0	22.1	4.454
1	2013	34	13.5	25.6	5.8	24.5	4.978
1	2013	35	15.5	20	14.1	9.1	1.569
1	2013	36	8.5	15.8	0	23	4.614
1	2013	37	8.3	17.6	0	29.6	5.483
1	2013	38	7.1	20.3	0	24.7	4.74
1	2013	39	11.4	21.2	0	25.1	4.998
1	2013	40	11.1	25.5	0	28.8	5.617
1	2013	41	12.8	27.4	0	28.7	5.634
1	2013	42	15.1	27.9	0	26.9	5.316
1	2013	43	12.3	20.3	0	25.5	4.998
1	2013	44	11.3	17.3	0	17.3	3.187
1	2013	45	6.1	25.6	0	27.7	5.319
1	2013	46	10	21.9	0	19.8	3.707
1	2013	47	10.3	26.1	0	22.9	4.41
1	2013	48	12.6	17.8	0	21.3	4.118
1	2013	49	6.5	24.4	0	22.4	4.488
1	2013	50	9.4	25.1	0	22.1	4.521
1	2013	51	12.3	21.8	0	20.2	4.081
1	2013	52	8.9	23.4	0	23.9	4.752
1	2013	53	10.8	18.3	0	19.4	3.819
1	2013	54	4.6	19.7	0	25.5	5.105
1	2013	55	5.6	21.4	0	25.8	5.186
1	2013	56	10.8	21.8	0	24.6	4.897
1	2013	57	12.8	24.3	0	25.9	5.164
1	2013	58	13	23.4	0	20.6	4.077
1	2013	59	14.1	25.3	0	20.4	3.971
1	2013	60	12.6	22	0	23.8	4.698
1	2013	61	13.5	21.6	0	19.5	3.733
1	2013	62	12	17.1	0	20.1	4.047
1	2013	63	9.6	20.9	0	18.6	3.581
1	2013	64	7.6	22.6	0	14.2	2.485
1	2013	65	10.3	29.4	0	16.5	3.082
1	2013	66	10	19.9	0	19.1	3.632
1	2013	67	10	28.7	0	22	4.386
1	2013	68	13.1	19.6	0	23.5	4.677
1	2013	69	12.1	18.4	0	23.1	4.623
1	2013	70	10.8	19.4	0	23.9	4.775
1	2013	71	11.8	17.6	0	22.9	4.574
1	2013	72	11.7	21.5	0	19.5	3.802
1	2013	73	10.1	26.1	0	15.8	2.923
1	2013	74	12	24.9	0	15.8	3.019
1	2013	75	14	18.7	0	11.9	2.105
1	2013	76	12.9	21.9	14.2	5.6	0.715
1	2013	77	13.4	15.1	12.8	12.8	2.423
1	2013	78	8.4	13.7	2.2	18.3	3.596
1	2013	79	5.6	18.1	0	16.5	3.031
1	2013	80	5.2	19.4	0	21.1	3.901
1	2013	81	7.8	20.5	0	18.9	3.442
1	2013	82	8.3	24.3	0	18.2	3.406
1	2013	83	11.3	23.6	0	19.3	3.554
1	2013	84	12.9	26.5	0	15.5	2.819
1	2013	85	12.8	21	0	16.9	3.099
1	2013	86	11.3	19.5	0	18.4	3.503
1	2013	87	9.6	22.4	0	17.3	3.36
1	2013	88	11.4	26	0	14.3	2.614
1	2013	89	10.4	26.7	0	11	1.897
1	2013	90	13.1	24.9	2.7	13.6	2.546
1	2013	91	14.4	22.5	0	11.9	2.156
1	2013	92	8.8	24.2	0	14.4	2.641
1	2013	93	12.9	23	8.5	12	2.158
1	2013	94	5.2	17	2	8.9	1.421
1	2013	95	5.1	15.3	0	15.5	2.791
1	2013	96	5.2	13.3	1.6	11.5	1.879
1	2013	97	3.5	14.3	0	14.3	2.33
1	2013	98	4.2	18	0	17.7	2.891
1	2013	99	8.6	11.7	0	16.7	2.769
1	2013	100	1.3	15.4	0	16.4	2.817
1	2013	101	3.8	22.7	0	15.6	2.598
1	2013	102	11	16.2	0	12.9	2.149
1	2013	103	6.4	16.1	0	14.2	2.43
1	2013	104	6.2	19.5	0	12.6	2.075
1	2013	105	8.6	24	13.2	5.5	0.643
1	2013	106	7.7	16.8	6.8	5.9	0.767
1	2013	107	10.3	12.8	1.2	5.6	0.708
1	2013	108	10.6	13.2	0	11.4	1.951
1	2013	109	8.4	12.9	5.1	9.7	1.486
1	2013	110	9	12.2	13.2	7.5	1.079
1	2013	111	9	13.1	54.2	6	0.782
1	2013	112	6.1	14.8	2.6	8.8	1.369
1	2013	113	8.7	17.4	6.4	11	1.748
1	2013	114	6.7	19.3	6.1	8	1.173
1	2013	115	8	20.7	1.8	10.8	1.786
1	2013	116	6.2	16.9	5.7	11.1	1.78
1	2013	117	7.3	19.2	0	9.4	1.472
1	2013	118	8.5	24	0	10.9	1.782
1	2013	119	12.4	20.8	0	12.1	2.019
1	2013	120	8	12.6	0	10	1.614
1	2013	121	1.8	14.5	0	13.7	2.284
1	2013	122	4.6	13.1	0	7.3	0.994
1	2013	123	6.9	14	0	10.1	1.575
1	2013	124	6.8	20	20.5	7.7	1.121
1	2013	125	10.4	16.8	24.2	7.2	0.973
1	2013	126	7.5	8.5	4.4	5.5	0.619
1	2013	127	3.1	14.1	0	12.7	2.015
1	2013	128	0.3	14.5	1.4	8.8	1.21
1	2013	129	1.6	14.7	1.9	7.5	1.026
1	2013	130	4.7	10.3	36.4	5.3	0.569
1	2013	131	2.6	13.4	0	12.3	1.901
1	2013	132	4.8	22.5	0	12.2	1.82
1	2013	133	7.4	11.6	0	11.6	1.783
1	2013	134	8.6	15.3	0	6.4	0.743
1	2013	135	4	16.1	0	6.8	0.849
1	2013	136	6	16	0	11.2	1.74
1	2013	137	7.5	17	20.2	3.1	0.138
1	2013	138	9.1	12.3	12.2	4.6	0.449
1	2013	139	10.3	11.9	11.6	6.9	0.912
1	2013	140	6.3	13	0	7.4	0.981
1	2013	141	7.5	12.7	0	6.2	0.731
1	2013	142	8.4	14.2	14	5.9	0.678
1	2013	143	7.2	11.5	0	7.6	1.037
1	2013	144	3.6	12.1	0	11	1.603
1	2013	145	1.7	17.4	32.3	2.5	0.021
1	2013	146	5.4	19.2	0	8.1	1.105
1	2013	147	3.5	9	11	8.7	1.251
1	2013	148	0.4	7.2	1.9	3.5	0.188
1	2013	149	1.2	12.8	0	10.6	1.373
1	2013	150	0.1	14	0	9.1	1.117
1	2013	151	1	16.6	0	5.4	0.538
1	2013	152	4	18.2	0	6.1	0.708
1	2013	153	9.7	19.8	0	4.5	0.393
1	2013	154	7.9	8.7	0	5.5	0.55
1	2013	155	5.7	8.2	20.3	1.5	0
1	2013	156	-0.4	9.9	0	6.9	0.88
1	2013	157	1.1	12	0	6.2	0.71
1	2013	158	1	12.1	0	9	1.211
1	2013	159	3.1	16.7	23.1	8.8	1.184
1	2013	160	3.8	12.4	17.4	1.6	0
1	2013	161	5.4	11.4	0	5.9	0.624
1	2013	162	5.6	10.5	0	7.1	0.853
1	2013	163	1.3	13.6	0	7.8	1.018
1	2013	164	2.1	10.9	19.8	6.5	0.755
1	2013	165	4.8	11.3	0	5.2	0.532
1	2013	166	3.3	8.4	1.4	2.6	0.039
1	2013	167	4.1	10.6	21	1.1	0
1	2013	168	6.9	10.6	7.2	4.4	0.411
1	2013	169	2.9	11.6	20	5.7	0.676
1	2013	170	4	8.2	11.9	3.9	0.293
1	2013	171	1.6	6.4	18.2	4	0.284
1	2013	172	0.7	4.8	0	9.4	1.219
1	2013	173	0.4	4	0	9.3	1.205
1	2013	174	-1.4	9	0	5.7	0.521
1	2013	175	-1.7	12.7	0	8	0.893
1	2013	176	-1.5	11.2	0	5.6	0.534
1	2013	177	-0.6	10.9	0	4	0.285
1	2013	178	-0.6	9.5	0	3	0.104
1	2013	179	1.5	9.8	0	7.8	0.93
1	2013	180	-3.2	8.8	0	9	1.07
1	2013	181	-2.1	13.6	0	6.8	0.753
1	2013	182	0	16.6	0	7.4	0.892
1	2013	183	2.7	19.4	0	6.4	0.72
1	2013	184	9.5	19.2	4.3	2.3	0
1	2013	185	3.2	13.8	0	9	1.288
1	2013	186	4.4	18.6	0	5.2	0.531
1	2013	187	9.3	15.7	0	7.4	0.988
1	2013	188	7.6	13.3	1.1	8.7	1.179
1	2013	189	-0.5	11.1	0	8.5	1.106
1	2013	190	-1.3	9.1	10.5	9	1.117
1	2013	191	2.1	8.1	0	6.7	0.745
1	2013	192	-0.7	9.4	5.8	6.1	0.629
1	2013	193	-3.3	9	0	8.5	1.079
1	2013	194	-0.9	10.7	0	6.7	0.738
1	2013	195	1.9	6.6	5.2	8.6	1.093
1	2013	196	2.1	7.8	0	10	1.235
1	2013	197	0.4	9.6	0	10.7	1.326
1	2013	198	0.5	16.4	0	4.6	0.364
1	2013	199	4.6	14.9	0	6.2	0.7
1	2013	200	4.6	11.1	1.4	8.4	1.134
1	2013	201	5.6	11.5	1.1	4.2	0.335
1	2013	202	2.6	17.5	0	5.1	0.515
1	2013	203	4.5	16.7	0	8.3	1.067
1	2013	204	7.3	12.7	1.6	5.4	0.537
1	2013	205	1.8	15.4	0	2.7	0.057
1	2013	206	2.1	15.6	0	8.4	1.12
1	2013	207	0.6	16.3	0	6.6	0.788
1	2013	208	3.1	15.8	0	9.1	1.249
1	2013	209	2.1	17	0	10.4	1.424
1	2013	210	1.2	14.8	0	9.9	1.294
1	2013	211	2.3	13.3	0	10.6	1.421
1	2013	212	1.6	9.2	0	7.5	0.895
1	2013	213	0.4	11.9	0	5.6	0.59
1	2013	214	3.1	10.1	0	3.4	0.197
1	2013	215	5.9	11.8	0	8.5	1.211
1	2013	216	8.1	12.6	0	5.9	0.667
1	2013	217	7.6	14.6	0	8.5	1.174
1	2013	218	6.5	15.4	0	11.2	1.701
1	2013	219	1.9	17.5	0	8.9	1.23
1	2013	220	4.5	14.7	0	10.6	1.584
1	2013	221	2.5	11.5	0	12.3	1.849
1	2013	222	1.7	10.5	2.6	4.2	0.343
1	2013	223	5.1	11.8	4.3	6.8	0.866
1	2013	224	7.5	11	2.3	10.2	1.485
1	2013	225	2	12.1	1.3	10.1	1.481
1	2013	226	3.4	15.6	0	10.1	1.466
1	2013	227	5.4	18.7	0	10.1	1.435
1	2013	228	7.5	17.1	15.5	6.7	0.796
1	2013	229	8.3	11.3	1.8	10.4	1.527
1	2013	230	8.7	10.9	0	12.1	1.945
1	2013	231	8.9	12.5	2.9	10.6	1.558
1	2013	232	7.5	13.1	0	8.9	1.234
1	2013	233	6.9	14.6	24.6	5.2	0.517
1	2013	234	9.1	17.6	1.6	10.3	1.573
1	2013	235	5.9	16.6	2.3	9.6	1.329
1	2013	236	1.6	14.7	1.6	9.1	1.193
1	2013	237	4.5	13.9	4.9	5.3	0.545
1	2013	238	4.9	16.1	0	9.2	1.222
1	2013	239	4.4	17	0	12.7	1.95
1	2013	240	2.5	15.1	0	12	1.771
1	2013	241	0.7	12.4	11.6	4.9	0.454
1	2013	242	4.3	10.9	0	9.8	1.356
1	2013	243	0.1	12.1	0	16.3	2.448
1	2013	244	1.7	13	0	13	1.907
1	2013	245	-1.1	13.6	0	16.8	2.6
1	2013	246	1.7	16.3	0	17.3	2.69
1	2013	247	4.6	8.2	15.9	6.3	0.673
1	2013	248	2.7	11.2	0	14.8	2.315
1	2013	249	2.1	16.8	0	18.1	2.68
1	2013	250	3.9	18.9	2.2	9.3	1.301
1	2013	251	6.7	14.7	2	12.9	2.081
1	2013	252	4.6	13.9	0	14.8	2.386
1	2013	253	4.6	19.7	0	13.6	2.101
1	2013	254	10.8	19	15.6	6.5	0.825
1	2013	255	9	15.3	18.9	2.9	0.105
1	2013	256	3.5	15.6	8.6	15.6	2.581
1	2013	257	3.2	14.8	0	14.8	2.357
1	2013	258	4	10.2	0	14.9	2.329
1	2013	259	-0.3	14.7	0	13.8	2.097
1	2013	260	1.4	11.5	0	15	2.408
1	2013	261	-0.2	15.4	0	20.6	3.097
1	2013	262	2.2	15.1	6.4	9.5	1.262
1	2013	263	5.4	15.7	5.4	7	0.915
1	2013	264	7.7	15.9	29.9	6.5	0.849
1	2013	265	6.9	12	0	14.7	2.535
1	2013	266	7.3	15.3	0	13.5	2.246
1	2013	267	9	12.1	9.5	3.1	0.141
1	2013	268	6.8	9.9	0	11.5	1.89
1	2013	269	6.7	17.7	0	13.2	2.174
1	2013	270	3.9	15.7	0	14.7	2.535
1	2013	271	6.9	16.8	1.4	16.6	2.837
1	2013	272	6.9	12.2	11.2	14.3	2.353
1	2013	273	7.6	15.5	7.7	9.5	1.394
1	2013	274	5.8	19	0	22.2	3.896
1	2013	275	9.8	19.8	0	21	3.55
1	2013	276	8.5	18.8	0	20.8	3.578
1	2013	277	9.1	18.5	0	12.2	1.907
1	2013	278	8	17.9	0	18	3.241
1	2013	279	8.7	24.3	0	18.3	3.31
1	2013	280	11.3	15.6	0	15	2.483
1	2013	281	5.1	6.6	10.1	11.9	1.875
1	2013	282	2.7	9.6	1.1	14.1	2.269
1	2013	283	-0.8	14	7.9	20.5	3.336
1	2013	284	4.1	13.4	14.4	3.8	0.275
1	2013	285	5.4	16.3	4.1	14.1	2.281
1	2013	286	2	22.2	0	15.3	2.558
1	2013	287	9.7	19.9	0	10.1	1.538
1	2013	288	3.4	17.3	3.2	14.4	2.524
1	2013	289	0.4	15.5	1.9	21.1	3.549
1	2013	290	6.7	22.1	0	20.3	3.594
1	2013	291	13	24.2	0	23.1	4.068
1	2013	292	7.2	19.1	0	22.9	4.245
1	2013	293	7.3	24.1	0	19.5	3.246
1	2013	294	9	21.5	0	18.9	3.271
1	2013	295	11	12.7	0	17.5	2.946
1	2013	296	6.4	18.4	0	13.4	2.331
1	2013	297	9.5	26	0	18.2	3.266
1	2013	298	13.6	20.8	1.9	11.7	1.945
1	2013	299	7.9	18.3	0	24.1	4.237
1	2013	300	7.8	15.7	0	18.8	3.179
1	2013	301	4.2	14.1	0	24.7	4.279
1	2013	302	3.3	17.6	0	24.2	4.004
1	2013	303	4.3	18.6	0	22.3	3.802
1	2013	304	8.7	19.6	0	18.2	3.279
1	2013	305	6.5	14.3	0	19.8	3.519
1	2013	306	2	17.5	0	22.3	3.756
1	2013	307	7	16.6	0	23.3	4.169
1	2013	308	6.7	22.8	0	22.1	3.872
1	2013	309	8.9	23.3	26.4	14.4	2.395
1	2013	310	10.2	14.2	2.9	19.1	3.477
1	2013	311	6.7	20.1	14.6	13.2	2.183
1	2013	312	11.2	19.2	0	20.1	3.718
1	2013	313	9.7	17	0	24.8	4.653
1	2013	314	10	26.9	0	19.2	3.583
1	2013	315	9.8	14.2	0	24.4	4.63
1	2013	316	9.4	15.3	0	24.4	4.732
1	2013	317	4.1	16.9	0	28.3	5.144
1	2013	318	4.9	17.5	0	25.8	4.702
1	2013	319	8.4	20	0	24.2	4.418
1	2013	320	10.4	27.2	0	21.6	3.912
1	2013	321	10.4	17.9	0	22.4	4.247
1	2013	322	12.2	20.2	0	28.1	5.408
1	2013	323	11.3	18.8	7.1	16.2	2.929
1	2013	324	12.6	22.8	0	21.3	4.05
1	2013	325	10	25.2	0	25.6	5.044
1	2013	326	10.7	15.6	0	27.5	5.473
1	2013	327	11.3	20.2	0	28.8	5.845
1	2013	328	12.4	23.9	0	28.6	5.762
1	2013	329	12.6	14.3	0	25	4.89
1	2013	330	8.5	13.2	1.3	18.2	3.546
1	2013	331	9	14.8	20.4	15.2	2.776
1	2013	332	10.4	17.4	3.2	19.4	3.708
1	2013	333	6.1	23.1	0	21.9	4.207
1	2013	334	12.9	21.7	0	15.4	2.836
1	2013	335	4.9	20.4	0	27.7	5.217
1	2013	336	6.6	21.9	0	26.5	4.934
1	2013	337	10	22.3	5.9	13.8	2.345
1	2013	338	11.5	22.3	21.4	5	0.557
1	2013	339	11.7	23.4	38	4.1	0.372
1	2013	340	13.5	29.4	0	16	3.013
1	2013	341	16.9	24.8	1.3	18	3.347
1	2013	342	13.1	21.8	1.6	20	3.668
1	2013	343	10.9	20.6	0	24.9	4.764
1	2013	344	12.8	19.4	0	14.1	2.449
1	2013	345	13.6	23.3	0	12.5	2.065
1	2013	346	11.8	24.5	0	23.8	4.608
1	2013	347	12.2	23.9	0	18.4	3.547
1	2013	348	9.8	22.7	0	21.5	4.294
1	2013	349	11	22.7	0	22.6	4.507
1	2013	350	14.2	21.9	0	24	4.701
1	2013	351	10.9	16	0	24	4.696
1	2013	352	8.3	22.3	0	17.9	3.181
1	2013	353	9.8	16.7	0	24.3	4.655
1	2013	354	5.5	23.1	0	27.5	5.282
1	2013	355	14.3	22.9	0	23.6	4.323
1	2013	356	7.5	17.4	0	26.4	5.233
1	2013	357	6.9	21.7	0	21.2	3.925
1	2013	358	12.9	25.5	4.4	11.9	1.939
1	2013	359	12.4	22.6	1.2	13.8	2.485
1	2013	360	11.7	17.4	2.6	20.6	3.869
1	2013	361	12.3	16.1	0	23.6	4.502
1	2013	362	12.5	18.3	11.2	15.4	2.773
1	2013	363	13.9	18.7	1.7	15.8	3.031
1	2013	364	15	23	0	20.1	3.871
1	2013	365	8	22.5	0	30.4	5.845
1	2014	1	8.8	22.4	0	22.4	4.121
1	2014	2	12.3	22.4	0	31.7	6.233
1	2014	3	15	24.9	3.2	22.5	4.277
1	2014	4	10.2	23.8	0	23.9	4.929
1	2014	5	12.5	24.4	2	10.2	1.772
1	2014	6	10.3	23.5	0	31.5	6.166
1	2014	7	11.7	24.1	1.2	29.8	5.754
1	2014	8	11	19.6	3.1	24.6	4.775
1	2014	9	9.8	17	2.4	23.1	4.278
1	2014	10	6.8	21.4	0	28.3	5.264
1	2014	11	8.9	20.6	0	22.8	4.169
1	2014	12	11.9	24.1	0	17.3	3.077
1	2014	13	7.8	18	0	16.1	2.965
1	2014	14	5.3	21	0	26.7	5.088
1	2014	15	8	23.6	0	27.4	5.14
1	2014	16	11.8	30.5	0	22.2	4.105
1	2014	17	7.6	17.1	0	29.6	5.965
1	2014	18	7	20.6	0	30.3	5.73
1	2014	19	11.4	30.5	0	29.6	5.649
1	2014	20	10.6	17.3	4.4	7.3	1.031
1	2014	21	12.4	17.1	2.7	15.1	2.789
1	2014	22	12.3	24.8	0	18	3.419
1	2014	23	9.8	23	0	25.9	5.129
1	2014	24	5.1	16.8	0	26.5	5.143
1	2014	25	11.4	24.2	0	28.7	5.573
1	2014	26	14.6	23.2	11.3	8.3	1.313
1	2014	27	7.3	17.6	0	28.9	5.588
1	2014	28	4.7	21.7	0	30.9	5.901
1	2014	29	9.9	23.9	0	29.9	5.903
1	2014	30	14.5	19.3	0	28.4	5.532
1	2014	31	10.1	17.5	0	27.1	5.495
1	2014	32	13.5	20.6	0	23.5	4.632
1	2014	33	11.7	21.5	0	29.1	5.759
1	2014	34	9.5	24.1	0	25.2	4.943
1	2014	35	13.2	26.8	0	19.4	3.708
1	2014	36	12.6	15.6	0	23.2	4.711
1	2014	37	8.7	19.4	0	20.7	4.138
1	2014	38	8.3	19.3	8.8	16.1	3.026
1	2014	39	10.2	21	1.1	18.3	3.649
1	2014	40	12.2	17.2	0	22	4.589
1	2014	41	11.5	19.4	0	18.9	3.672
1	2014	42	10.1	20.8	0	21.1	4.185
1	2014	43	10.5	21.2	0	16.5	3.055
1	2014	44	8.7	20.8	0	18.9	3.564
1	2014	45	12.7	21.4	0	18.4	3.466
1	2014	46	12.7	22.3	0	23.2	4.536
1	2014	47	12.6	22.9	0	25.6	5.02
1	2014	48	13.9	26	0	22.3	4.428
1	2014	49	17.3	32	0	15.8	3.053
1	2014	50	13.8	20.8	0	11.3	2.007
1	2014	51	14.9	24.5	0	22.2	4.573
1	2014	52	14.7	27.4	0	22.1	4.641
1	2014	53	15.9	29.6	0	16.5	3.308
1	2014	54	9.1	18.4	0	23.4	4.814
1	2014	55	4.7	26.4	0	26.3	4.934
1	2014	56	10.1	16.2	0	25	4.771
1	2014	57	10.9	21.1	0	19	3.652
1	2014	58	12.2	24.9	0	23.1	4.614
1	2014	59	12.8	16.5	0	20.3	3.843
1	2014	60	4.4	16.4	0	25.2	4.673
1	2014	61	6.5	22.8	0	19.5	3.462
1	2014	62	6.4	14.5	0	17.2	3.069
1	2014	63	7.2	11.1	1.2	21.9	3.833
1	2014	64	7.8	12.6	0	20.7	3.844
1	2014	65	7.6	18.3	0	24.6	4.757
1	2014	66	8.7	19.1	0	23	4.362
1	2014	67	11.6	20.1	0	18.9	3.418
1	2014	68	11.7	15.5	0	19.7	3.631
1	2014	69	7.7	17.6	0	19.9	3.872
1	2014	70	11.9	16.2	0	19	3.656
1	2014	71	10.4	18.8	0	16.4	3.072
1	2014	72	8.7	25.1	0	18.1	3.434
1	2014	73	10.7	19.7	0	15.1	2.712
1	2014	74	11.2	18.7	9	6.5	0.894
1	2014	75	13.2	17.7	2.6	9.6	1.671
1	2014	76	14.8	26.9	0	18	3.528
1	2014	77	14	18	0	14.8	2.773
1	2014	78	12.7	21.9	0	21.3	4.221
1	2014	79	11.6	19.4	0	15.9	2.783
1	2014	80	6	17.4	0	17.8	3.32
1	2014	81	6.5	17.4	0	18.3	3.384
1	2014	82	6.5	17.7	0	15.7	2.89
1	2014	83	7.4	23.4	0	17.1	3.228
1	2014	84	10.3	16.5	1.1	14.8	2.637
1	2014	85	4.1	16.2	0	20.5	3.848
1	2014	86	5.3	23.3	0	19.3	3.554
1	2014	87	7.3	18.2	0	18.7	3.397
1	2014	88	10.7	21.7	0	16	2.878
1	2014	89	10.6	20.2	0	18.3	3.347
1	2014	90	11.4	18.2	0	19.3	3.697
1	2014	91	11.7	16.9	0	18.1	3.375
1	2014	92	12.3	20.9	1.8	15.5	2.894
1	2014	93	10.2	20	15.9	8.8	1.376
1	2014	94	11.6	19.2	0	17.5	3.236
1	2014	95	12.1	15	0	17.8	3.301
1	2014	96	12.1	16.3	0	17.1	3.21
1	2014	97	12.6	15	0	15.6	2.933
1	2014	98	9.7	12.3	0	9.2	1.515
1	2014	99	9.7	14.3	14.5	5.7	0.751
1	2014	100	10.7	14.7	11.5	6.3	0.868
1	2014	101	11.1	16.4	9.1	5.3	0.63
1	2014	102	12.2	12.9	0	11.7	1.987
1	2014	103	7.1	11.1	0	11.7	1.939
1	2014	104	5.2	14.5	0	8	1.189
1	2014	105	9.5	19.1	3.1	12	2.101
1	2014	106	11.8	13.5	16.9	7.8	1.178
1	2014	107	7.7	14.1	20.3	5	0.573
1	2014	108	8.1	15.9	1.2	11.7	2.077
1	2014	109	12.3	20.9	7.4	7.5	1.093
1	2014	110	11.8	21.4	15.1	6.3	0.818
1	2014	111	8.1	17.2	0	11.9	1.931
1	2014	112	7.8	12	0	11.9	1.919
1	2014	113	6.6	16	0	13.9	2.21
1	2014	114	9.3	16.1	12.1	3.9	0.282
1	2014	115	9.1	23.1	3.5	10.7	1.722
1	2014	116	3.4	19.4	0	8.8	1.283
1	2014	117	3.2	16.2	8.1	11.4	1.769
1	2014	118	5.9	10.5	15.1	11	1.721
1	2014	119	6.9	10.2	0	12.6	2.01
1	2014	120	4.3	12.5	0	13.4	2.042
1	2014	121	1.9	13.4	0	10.9	1.59
1	2014	122	3.9	14.2	0	11.1	1.585
1	2014	123	3.6	19.9	0	8.4	1.141
1	2014	124	5.8	17.7	0	10.1	1.543
1	2014	125	8.2	21	7.4	2.5	0.023
1	2014	126	14.2	21.7	0	8.7	1.331
1	2014	127	6.8	18	6.7	7.3	0.993
1	2014	128	4.4	13.4	7.4	8.1	1.179
1	2014	129	5.2	12.4	6.4	7.9	1.095
1	2014	130	3.6	13.9	0	11.7	1.743
1	2014	131	3.3	15	0	11.7	1.753
1	2014	132	3.5	18.4	0	9.4	1.318
1	2014	133	6.2	11.6	14	8.1	1.127
1	2014	134	8.1	12.4	5.1	5.4	0.577
1	2014	135	5.5	12.5	0	11.2	1.59
1	2014	136	1.6	14.5	0	11.6	1.644
1	2014	137	4.3	16.2	0	6.9	0.777
1	2014	138	5.6	18.4	0	10.3	1.41
1	2014	139	6.2	16.9	0	8.4	1.137
1	2014	140	8.8	20.5	0	7.8	1.025
1	2014	141	11.1	20.2	1.7	5.3	0.55
1	2014	142	3.3	16.8	0	9.6	1.352
1	2014	143	6	20.6	2.6	6.4	0.77
1	2014	144	7.4	18.8	12.5	6.3	0.823
1	2014	145	1.7	14.2	2.7	7.6	1.044
1	2014	146	1	7.8	0	8.5	1.157
1	2014	147	-2.5	11.3	0	10.8	1.332
1	2014	148	0.9	17.3	0	10.3	1.264
1	2014	149	7.6	21	10.2	4	0.274
1	2014	150	-0.3	11.6	0	3.5	0.204
1	2014	151	-0.7	12.5	0	10.1	1.397
1	2014	152	-1.1	12.4	0	9	1.156
1	2014	153	-1.6	12.9	0	4.9	0.462
1	2014	154	-1.3	12.5	0	7.9	1.035
1	2014	155	-1.2	13.1	0	9.9	1.427
1	2014	156	2.3	18.1	0	5.2	0.483
1	2014	157	7.2	11.3	0	8.6	1.169
1	2014	158	7.4	12.8	0	8.3	1.12
1	2014	159	6.6	9.4	0	6.5	0.767
1	2014	160	7.1	9.9	36.3	3.1	0.141
1	2014	161	8	9.7	43.8	1.1	0
1	2014	162	5.8	8.6	60.7	6.4	0.8
1	2014	163	5.3	10.5	4	4.5	0.412
1	2014	164	2.7	12.6	0	9.6	1.377
1	2014	165	1.5	12.6	0	9.7	1.312
1	2014	166	2.7	15.9	0	6	0.589
1	2014	167	3.2	14	12	2.7	0.056
1	2014	168	7.3	16.5	5.7	5.7	0.627
1	2014	169	6.9	12.9	2.4	7.5	0.976
1	2014	170	3.5	11.9	1.8	6.4	0.735
1	2014	171	-0.2	12.3	0	6.7	0.806
1	2014	172	1.1	17.7	3.8	5.2	0.523
1	2014	173	1.1	17.7	3.8	5.2	0.523
1	2014	174	-1.4	10.4	0	8.9	1.157
1	2014	175	-0.9	17.3	0	5.2	0.527
1	2014	176	3.2	17.2	11.1	1.8	0
1	2014	177	6	16.7	0	6	0.745
1	2014	178	1.8	15.7	10.9	5.3	0.561
1	2014	179	1.5	14.8	0	8.6	1.166
1	2014	180	0.6	14.9	0	7	0.787
1	2014	181	4.5	17.6	20	1.4	0
1	2014	182	4.4	13.6	12.1	4	0.302
1	2014	183	3.4	7.7	10.8	5.6	0.575
1	2014	184	-1.6	8.4	1.1	8.4	0.998
1	2014	185	-1.6	13.1	1.8	9.1	1.173
1	2014	186	0.5	13	0	5.3	0.536
1	2014	187	0.7	10.9	0	8.1	1.004
1	2014	188	1.3	10.7	0	6.9	0.82
1	2014	189	-1.9	8.7	0	4.2	0.334
1	2014	190	0.6	10.1	0	2.8	0.08
1	2014	191	4.7	11.5	0	4.3	0.378
1	2014	192	8.4	15.3	0	8.5	1.216
1	2014	193	10.2	15.2	53.2	1.3	0
1	2014	194	6.3	16.6	0	6.6	0.819
1	2014	195	4.8	8.1	0	6.7	0.811
1	2014	196	-1.2	12.1	0	10.3	1.398
1	2014	197	0.2	8.1	0	10.7	1.359
1	2014	198	1.4	7.4	0	8.7	1.057
1	2014	199	-0.3	4.7	0	10.8	1.322
1	2014	200	-0.3	8.4	0	8.6	0.981
1	2014	201	2.2	9.5	10	6.7	0.739
1	2014	202	0	8.5	0	10	1.377
1	2014	203	2.5	9.4	0	11	1.406
1	2014	204	4.2	11.1	0	10.8	1.369
1	2014	205	-0.6	10.5	0	10.4	1.359
1	2014	206	-0.6	10.7	0	8.5	1.083
1	2014	207	-0.8	12.7	0	10.9	1.408
1	2014	208	2.5	10.9	0	10.4	1.385
1	2014	209	-1	13.6	0	11.8	1.532
1	2014	210	2.3	14.1	5	7.9	0.917
1	2014	211	3.2	16.5	0	8.5	1.12
1	2014	212	7.9	20.9	0	9.5	1.396
1	2014	213	10.1	19.1	0	7.3	0.948
1	2014	214	12.4	20.9	13.9	6.4	0.816
1	2014	215	6.5	8.2	7.2	3.8	0.282
1	2014	216	-1.5	10.2	0	7.5	0.917
1	2014	217	-0.2	15.3	0	8.5	1.107
1	2014	218	2.1	13.3	2.2	8.9	1.204
1	2014	219	3.1	15.6	4.7	8.8	1.105
1	2014	220	0.7	9	2.3	9.7	1.373
1	2014	221	-0.1	10.5	0	13.5	1.797
1	2014	222	-0.9	12.8	0	8.4	0.974
1	2014	223	3.2	16	12.4	7.8	0.953
1	2014	224	1.6	10.5	7.9	9.2	1.272
1	2014	225	-1.8	9.3	9.1	10.7	1.447
1	2014	226	-1.4	9	4.9	10.1	1.38
1	2014	227	2.3	10.9	0	13.4	1.835
1	2014	228	1.8	13.1	0	13.9	2.116
1	2014	229	-0.4	13.6	0	14.2	2.024
1	2014	230	0.3	15.5	0	11	1.48
1	2014	231	1.3	10.1	9.5	5.3	0.517
1	2014	232	3.7	11.1	2.8	9.8	1.455
1	2014	233	-0.2	8.6	0	13.5	2.174
1	2014	234	0.3	12.6	0	15.5	2.153
1	2014	235	3.6	11.7	0	14.7	2.161
1	2014	236	6.2	10.5	0	15.6	2.341
1	2014	237	4.8	10.5	0	15.8	2.354
1	2014	238	5.3	11.2	0	11.3	1.662
1	2014	239	-0.3	13.6	0	14.4	2.143
1	2014	240	-0.3	13.6	0	14.3	2.192
1	2014	241	0.4	12.5	0	9.1	1.245
1	2014	242	4.4	11.9	0	10	1.444
1	2014	243	5.5	12.8	9.9	6.8	0.847
1	2014	244	2	10.6	6	4.4	0.379
1	2014	245	0.2	12.9	0	14.8	2.509
1	2014	246	4	15.9	0	12.5	1.925
1	2014	247	3	12.4	5.2	10.1	1.518
1	2014	248	5.2	9.3	4.8	10.1	1.597
1	2014	249	3.2	13.8	0	9.4	1.415
1	2014	250	2.2	15.5	0	17.7	2.979
1	2014	251	3.1	14.9	0	11	1.601
1	2014	252	2.1	13.4	0	14.6	2.28
1	2014	253	2.3	17.2	0	13	2
1	2014	254	4.6	21.1	0	11.9	1.792
1	2014	255	7.5	22	16.5	8.4	1.158
1	2014	256	8.4	10.5	16	10.4	1.682
1	2014	257	2.2	15.2	0	10.9	1.681
1	2014	258	5.6	15	8.9	16.1	2.587
1	2014	259	4.2	14.3	3.7	9.9	1.451
1	2014	260	2.9	12.1	0	16.3	2.668
1	2014	261	1.2	15	15	6.2	0.711
1	2014	262	7.9	17.2	6.2	14	2.325
1	2014	263	1.6	15.2	15.1	13.2	2.028
1	2014	264	5.5	12.6	8.9	12.8	1.845
1	2014	265	3.9	9.9	1.3	15.8	2.502
1	2014	266	0.3	22	0	17.5	2.656
1	2014	267	6.4	19	0	20	3.497
1	2014	268	4.3	18.4	0	20.4	3.382
1	2014	269	8.3	18.2	0	16.7	2.721
1	2014	270	7.7	15.2	2.6	11.8	1.778
1	2014	271	5.8	10.6	0	11.3	1.82
1	2014	272	-0.1	12.5	3.9	18.6	3.195
1	2014	273	4.2	17.3	0	19.4	3.338
1	2014	274	5.1	16.1	0	21.8	3.842
1	2014	275	6.8	18.8	3.5	10.1	1.463
1	2014	276	4.2	11.7	7.5	12.2	1.861
1	2014	277	-0.8	13	2.6	16.7	2.589
1	2014	278	-0.1	19.9	0	14.1	2.167
1	2014	279	7.2	16	5	12.1	1.918
1	2014	280	0.7	19.6	0	22.9	3.908
1	2014	281	7.4	22.3	5.9	7.5	0.962
1	2014	282	3.7	12.3	0	19.7	3.448
1	2014	283	2.3	15.2	0	20.4	3.439
1	2014	284	4.6	17.8	0	22.4	3.981
1	2014	285	6.9	20.9	0	21.5	3.73
1	2014	286	7.7	24.1	0	14.5	2.359
1	2014	287	10.6	20	0	16.7	2.802
1	2014	288	7.6	14.7	0	23.8	4.319
1	2014	289	8.8	20.2	0	13.2	2.138
1	2014	290	12.1	24.2	0	13.1	2.186
1	2014	291	9.7	13.2	27.6	8	1.171
1	2014	292	7	14.7	0	20.5	3.775
1	2014	293	5.2	20	0	21.5	3.71
1	2014	294	1.7	17.3	0	16.9	2.912
1	2014	295	3.9	16.3	0	11.5	1.842
1	2014	296	9.3	22.9	0	18.2	3.263
1	2014	297	6.3	12.6	0	23.1	4.173
1	2014	298	1.7	15.8	0	27.9	4.683
1	2014	299	5.6	21.3	0	14.6	2.25
1	2014	300	6.6	11.5	13.3	7.3	0.974
1	2014	301	5.5	18.1	5	9.4	1.443
1	2014	302	8	18.2	1.4	17.9	3.234
1	2014	303	3.2	20.9	0	20.3	3.507
1	2014	304	8.2	19.8	0	16.1	2.72
1	2014	305	6.1	24.2	0	27.8	5.179
1	2014	306	12.6	24.2	3.5	19.2	3.451
1	2014	307	9.8	17	2.4	14.3	2.473
1	2014	308	4.8	14.1	0	19.7	3.32
1	2014	309	2.7	11	7.3	22.2	3.691
1	2014	310	1.1	12.6	3.9	19.5	3.217
1	2014	311	3.4	15	0	26.3	4.51
1	2014	312	3.4	18.1	0	26.7	4.632
1	2014	313	8.6	23.3	0	28	5.004
1	2014	314	8.9	22.3	0	22.3	3.894
1	2014	315	12.6	20.7	12.5	10.1	1.557
1	2014	316	4.8	13.9	9.5	19.1	3.195
1	2014	317	4.2	15.5	1.7	25.7	4.402
1	2014	318	5.9	19	0	22.3	3.878
1	2014	319	10.7	20.7	7.9	8.1	1.151
1	2014	320	6.9	18	0	22.5	4.035
1	2014	321	6.3	16.3	18.6	5.1	0.534
1	2014	322	6.7	21.2	0	23.5	4.321
1	2014	323	8.5	19.4	1.1	20.6	3.5
1	2014	324	2.3	21.2	0	27	4.808
1	2014	325	11	26.5	0	19.2	3.391
1	2014	326	16.6	29.1	0	13.3	2.307
1	2014	327	6.6	19.2	0	25.6	4.907
1	2014	328	8.7	23.9	0	13	2.071
1	2014	329	10.1	23.4	0	17.1	3.188
1	2014	330	13.8	24.5	0	18.5	3.529
1	2014	331	10.9	23.5	5	27.8	5.12
1	2014	332	8.1	14.3	4.9	17.5	3.144
1	2014	333	6.6	20.8	0	24.9	4.332
1	2014	334	5.9	17.4	1.2	23	4.131
1	2014	335	5.4	13.2	0	25.8	4.584
1	2014	336	5.8	15.2	0	30.2	5.316
1	2014	337	3.4	18.9	0	30.8	5.521
1	2014	338	11.1	23.4	0	21.4	3.803
1	2014	339	8.8	14.3	0	9.9	1.574
1	2014	340	8.1	23.5	0	25.2	4.943
1	2014	341	12.3	25.2	0	24.7	4.698
1	2014	342	8.5	17.4	0	23.8	4.901
1	2014	343	10.4	24.8	0	11.4	1.974
1	2014	344	9.6	12	12.8	14.4	2.643
1	2014	345	7.9	13.7	0	15.3	2.885
1	2014	346	9.3	16.8	0	12.7	2.159
1	2014	347	8.4	14.4	17.6	18	3.149
1	2014	348	4.4	17.5	12.5	6	0.733
1	2014	349	6.2	20.4	0	21.9	4.174
1	2014	350	10.7	21.2	0	26.1	4.853
1	2014	351	12.3	19.8	23.2	7.6	1.103
1	2014	352	13.6	20.9	0	16.1	3.035
1	2014	353	9.9	24.3	0	23.8	4.816
1	2014	354	16.4	27	5.2	15.6	2.919
1	2014	355	14.2	21.3	0	26.2	5.421
1	2014	356	9.3	21.3	0	29.4	5.761
1	2014	357	13.5	22.3	0	29	5.727
1	2014	358	14.1	23.5	0	21.7	4.148
1	2014	359	11.4	21.5	0	17.5	3.268
1	2014	360	10.7	25.9	0	26.2	5.245
1	2014	361	13.9	28	0	22	4.237
1	2014	362	14.9	19.2	0	21.4	4.184
1	2014	363	13.5	22.5	0	22.9	4.652
1	2014	364	14.7	27.3	0	28.1	5.717
1	2014	365	17.5	27.3	5.5	19.5	3.639
1	2015	1	11	20.4	0	30.5	6.198
1	2015	2	9.3	27.1	0	27.4	5.44
1	2015	3	10.3	21.8	0	24.1	4.691
1	2015	4	12.3	31.4	0	28.1	5.717
1	2015	5	16.8	28	0	24.5	4.852
1	2015	6	12.1	19.3	0	27.5	5.367
1	2015	7	10.8	20.3	0	24.1	4.769
1	2015	8	11	17.6	40.1	22.8	4.479
1	2015	9	10.4	23.9	0	20	3.965
1	2015	10	11.5	29.2	0	27.8	5.779
1	2015	11	12.2	25	0	30.1	6.074
1	2015	12	13.4	16.9	0	24.1	4.727
1	2015	13	13.2	21.4	0	30.5	6.358
1	2015	14	13.8	18.1	0	29.4	5.978
1	2015	15	14.6	22.7	0	27.9	5.748
1	2015	16	15.8	28.2	0	25.6	5.308
1	2015	17	10.1	26.8	1.3	17.5	3.424
1	2015	18	16.5	30	0	30	6.175
1	2015	19	14.1	26.8	0	27.6	5.782
1	2015	20	8.8	19.6	0	20.9	4.097
1	2015	21	11	16.6	0	28.9	5.739
1	2015	22	5.1	20.8	0	29	5.895
1	2015	23	7.4	23.6	0	26.3	5.443
1	2015	24	13.6	25.7	0	28.2	5.941
1	2015	25	13.6	24.1	0	29	6.092
1	2015	26	15	24.6	0	25.5	5.364
1	2015	27	14.7	21.9	0	21.8	4.407
1	2015	28	15.3	23.3	0	25.4	5.263
1	2015	29	16.6	24.2	0	28.3	5.964
1	2015	30	15.9	21.1	0	20.9	4.32
1	2015	31	15.8	23	0	11.9	2.202
1	2015	32	16	30.5	13.2	9.8	1.689
1	2015	33	15.8	29.5	0	16	3.197
1	2015	34	15.1	20.9	0	22.7	4.727
1	2015	35	9.5	26.9	4.4	13.8	2.427
1	2015	36	6	22	0	22.6	4.422
1	2015	37	5.4	16.9	0	21.2	4.08
1	2015	38	8.3	23.3	0	28.4	5.345
1	2015	39	8.8	27.3	0	23	4.366
1	2015	40	13.9	24	0	13.5	2.41
1	2015	41	5.9	20.2	0	17.9	3.486
1	2015	42	7.1	21	0	19.8	3.615
1	2015	43	12.7	24.2	0	17.5	3.233
1	2015	44	11.8	18	0	23.1	4.514
1	2015	45	9.7	13.7	1.7	23	4.588
1	2015	46	9.2	16.9	0	22.1	4.396
1	2015	47	7.8	19.8	0	20.7	4.076
1	2015	48	7.4	22.5	0	23.6	4.726
1	2015	49	11.6	27.5	0	26.8	5.372
1	2015	50	11.4	26.1	0	26.8	5.264
1	2015	51	13.4	23.4	0	22.2	4.372
1	2015	52	12.3	22.4	0	12.4	2.21
1	2015	53	14.5	18.6	9.1	13.4	2.523
1	2015	54	13.4	21.8	1.2	14.4	2.651
1	2015	55	13.7	25.3	0	18.7	3.617
1	2015	56	12.8	26.7	0	22.6	4.495
1	2015	57	9.3	17.6	0	21.7	4.262
1	2015	58	6.2	23.1	5.7	18.3	3.448
1	2015	59	11.9	27.4	0	25.5	5.032
1	2015	60	10.4	26.4	0	24.7	4.985
1	2015	61	14.3	28.9	0	21.3	4.237
1	2015	62	13.7	19.5	0	15	2.853
1	2015	63	14.2	23.2	0	11.6	2.035
1	2015	64	13.5	27.9	0	21.4	4.36
1	2015	65	15.4	24.4	4.1	7.5	1.146
1	2015	66	11.9	20.5	4.4	14.6	2.713
1	2015	67	11.6	18.1	0	20.8	4.09
1	2015	68	8.8	20.9	0	15.4	2.817
1	2015	69	11.7	22.9	0	21.9	4.273
1	2015	70	12.9	19	0	19	3.614
1	2015	71	10.5	20.8	9.4	6.7	0.92
1	2015	72	12.4	27.9	0	18.9	3.682
1	2015	73	11.2	18	0	21.6	4.333
1	2015	74	11.3	22.4	21.5	11.5	2.002
1	2015	75	13.7	16.9	0	12.5	2.298
1	2015	76	8.8	14.7	0	17.9	3.374
1	2015	77	6	15.5	0	16.5	2.9
1	2015	78	7.1	14	0	16.2	2.908
1	2015	79	6	16.5	0	21.7	4.013
1	2015	80	8.3	22.9	0	16.6	2.945
1	2015	81	11.3	16.4	0	18	3.261
1	2015	82	10.4	16.3	7.5	13.7	2.38
1	2015	83	10.6	24.6	0	14.4	2.605
1	2015	84	10.3	22.6	0	18.4	3.446
1	2015	85	10.8	19.8	3	10.8	1.823
1	2015	86	9.1	20	0	12.9	2.342
1	2015	87	11.2	20.6	5.3	10.6	1.825
1	2015	88	11.9	22.7	12.3	13.3	2.452
1	2015	89	9.7	19.3	0	14.7	2.658
1	2015	90	11.2	19.1	0	17.5	3.147
1	2015	91	7.2	20.7	0	18	3.208
1	2015	92	10.3	25.2	0	15.7	2.834
1	2015	93	11.3	23.3	0	11.6	1.864
1	2015	94	11.1	26.9	1.3	12.1	1.974
1	2015	95	10.8	16.7	0	9.4	1.512
1	2015	96	11.8	24.1	0	12.3	2.175
1	2015	97	14.8	26.7	0	14	2.511
1	2015	98	11.1	21.1	0	8.1	1.251
1	2015	99	9.6	14.7	0	4.4	0.451
1	2015	100	9.5	14.9	7.3	6.5	0.92
1	2015	101	8.1	15.6	0	16	3.001
1	2015	102	6.6	20.8	2.3	9.1	1.361
1	2015	103	5.3	11.9	15.4	6.3	0.8
1	2015	104	1.5	10.9	0	15.2	2.384
1	2015	105	3.3	13.5	0	10	1.357
1	2015	106	2.3	14.9	0	16.4	2.631
1	2015	107	4.2	20.3	27.7	9.8	1.397
1	2015	108	9.6	15	69.6	0.5	0
1	2015	109	6.4	17.9	0	10.6	1.674
1	2015	110	8.4	18.1	0	12.5	2.117
1	2015	111	11.4	13.3	0	13.3	2.259
1	2015	112	10.9	13.9	0	10.2	1.644
1	2015	113	10.6	15	0	11.3	1.903
1	2015	114	8.3	16.9	0	13.4	2.252
1	2015	115	8	23.5	0	7.1	0.915
1	2015	116	14.3	23.4	3.9	12.1	1.971
1	2015	117	13.9	15.6	21.4	3	0.132
1	2015	118	7.4	12.7	4.4	9.4	1.477
1	2015	119	2	19.4	4.4	10.1	1.494
1	2015	120	4.5	13.2	0	9.2	1.367
1	2015	121	2.8	17.9	0	13.3	2.003
1	2015	122	3.9	16.4	0	6.8	0.851
1	2015	123	3.4	14.3	0	7.5	1.034
1	2015	124	5.8	18.8	0	9.7	1.376
1	2015	125	6.6	22	0	9.6	1.431
1	2015	126	10.7	25.2	0	9.9	1.536
1	2015	127	13	24.2	20.6	7.2	1.034
1	2015	128	8.9	19.2	5.8	2.3	0
1	2015	129	5.4	18.6	0	10.4	1.638
1	2015	130	7.3	18.7	0	10	1.476
1	2015	131	7.1	20.1	2.8	8.3	1.174
1	2015	132	8.9	17.7	17.2	3.2	0.163
1	2015	133	2.4	19.5	0	11.1	1.73
1	2015	134	7.8	16.5	19.5	4.9	0.498
1	2015	135	5.8	11.4	6.3	6	0.727
1	2015	136	7.1	12.7	0	11.8	1.752
1	2015	137	3.9	13.8	0	7.5	0.927
1	2015	138	4	19	0	7.6	0.957
1	2015	139	5.3	12.8	0	10.5	1.592
1	2015	140	1.2	15.5	0	8.8	1.154
1	2015	141	4.2	21.9	21.6	5.5	0.594
1	2015	142	1.7	11.5	1.4	8.4	1.194
1	2015	143	-1.2	15.5	27.3	1.3	0
1	2015	144	-0.2	14.9	4.4	8.6	1.192
1	2015	145	1.1	9	4.7	8	1.045
1	2015	146	0.4	11.4	1.7	7.3	0.902
1	2015	147	3.6	11.2	0	9.3	1.24
1	2015	148	-1.9	12	0	10.7	1.412
1	2015	149	-3.6	11.6	0	10.4	1.355
1	2015	150	-1.2	12.9	0	9.9	1.333
1	2015	151	-1.5	16.1	2.4	5.3	0.545
1	2015	152	1.5	18.9	2.7	5.5	0.612
1	2015	153	6.7	15.5	8.2	4.9	0.526
1	2015	154	8.5	11.8	17	4.9	0.493
1	2015	155	5.7	8.7	4.2	5.7	0.652
1	2015	156	0.7	8.5	0	8.3	1.124
1	2015	157	-1.9	10	0	7	0.867
1	2015	158	0.1	13.4	0	7	0.836
1	2015	159	1.5	17.8	0	9.2	1.181
1	2015	160	5.9	18.4	0	5.9	0.633
1	2015	161	9.5	15.5	4	5.3	0.57
1	2015	162	2.1	12.4	1.3	7.8	1.044
1	2015	163	0.9	17.7	3	6.2	0.724
1	2015	164	-0.2	13.2	0	5.8	0.663
1	2015	165	1.9	13.4	0	5.6	0.639
1	2015	166	2.6	9.4	0	7	0.891
1	2015	167	2.9	11.1	0	9.7	1.247
1	2015	168	-1.4	15.1	0	9.1	1.096
1	2015	169	1.6	16.1	0	4	0.28
1	2015	170	1	6.6	2.2	3.7	0.254
1	2015	171	1.8	9	13.8	1.7	0
1	2015	172	-0.3	12.5	0	7.8	1.045
1	2015	173	0.7	5.3	0	9.3	1.237
1	2015	174	-2.9	7	0	9.7	1.129
1	2015	175	-3.2	6.5	0	9.7	1.134
1	2015	176	-3.2	12.2	0	9.6	1.114
1	2015	177	-2.2	16.4	2.8	7.5	0.851
1	2015	178	-0.8	10.4	0	9.1	1.204
1	2015	179	-1	16.8	0	8.1	1.078
1	2015	180	3.1	17.9	0	6.8	0.823
1	2015	181	1.2	15.3	0	8	1.084
1	2015	182	3.6	10	0	7.2	0.924
1	2015	183	2.8	14.3	0	5.3	0.506
1	2015	184	3.9	13.6	11.2	5.1	0.506
1	2015	185	1.3	12.3	1.1	4.3	0.374
1	2015	186	1.3	16.3	1.8	7.8	1.027
1	2015	187	1.5	10.9	3.1	7.9	1.071
1	2015	188	-1.2	7.7	23.7	3.2	0.157
1	2015	189	-1.3	7.2	1.1	4.7	0.396
1	2015	190	1.2	6	0	10.1	1.223
1	2015	191	1.8	8.1	0	10.3	1.231
1	2015	192	-3.7	8.2	0	10.4	1.221
1	2015	193	-5.1	7.9	0	10.3	1.247
1	2015	194	-4.6	9.8	0	10.4	1.276
1	2015	195	-1.6	12.6	0	6.1	0.607
1	2015	196	4.7	15.1	26.6	3.2	0.147
1	2015	197	6	10.1	0	8.5	1.188
1	2015	198	4	10	0	8.7	1.134
1	2015	199	2.2	8.4	28.3	3.2	0.144
1	2015	200	0.1	9.6	0	9.8	1.328
1	2015	201	-1.8	9.1	1.8	8	0.952
1	2015	202	0.2	12.9	0	11.1	1.473
1	2015	203	1.2	13.4	0	10.8	1.468
1	2015	204	0.9	13.1	0	11	1.429
1	2015	205	2.5	13.9	0	6	0.601
1	2015	206	2.5	14.1	0	7.8	0.941
1	2015	207	5.6	19.3	2	4.7	0.417
1	2015	208	4.9	15.8	8.2	3.8	0.273
1	2015	209	5.7	13.6	10.6	7.7	1.033
1	2015	210	2.4	11	0	8.8	1.187
1	2015	211	-1.6	9.9	0	11.8	1.594
1	2015	212	-1	12.8	0	7.1	0.824
1	2015	213	2.9	12.8	0	8	1.034
1	2015	214	4.6	17.5	1.2	10.2	1.492
1	2015	215	5.2	20.9	0	8.5	1.21
1	2015	216	9.8	18.2	6	5.7	0.662
1	2015	217	-0.8	11.6	38.4	1.8	0
1	2015	218	-0.2	12.6	3.5	10.3	1.543
1	2015	219	1.2	10.6	10.9	8.5	1.143
1	2015	220	0.3	8.1	5.9	10.2	1.4
1	2015	221	-1.8	6	0	7.9	0.93
1	2015	222	0.3	7.3	0	11.4	1.484
1	2015	223	-1.1	9.2	0	13.4	1.735
1	2015	224	-1.2	8.2	0	13.4	1.776
1	2015	225	0.4	12	0	13.5	1.816
1	2015	226	5.5	11.2	9.3	3.2	0.143
1	2015	227	8	10.7	0	10.2	1.459
1	2015	228	5.8	8.3	0	11.5	1.673
1	2015	229	-0.2	12.7	0	13.4	2.012
1	2015	230	3.9	16.9	3.2	7.8	0.973
1	2015	231	6.9	14.1	5.1	5.8	0.648
1	2015	232	2.8	11.7	0	11.8	1.724
1	2015	233	-1.9	12.5	0	13.6	1.904
1	2015	234	-0.4	12.2	0	8.2	1.007
1	2015	235	-1.2	15.2	0	10.9	1.604
1	2015	236	0.8	15.7	3.7	8.8	1.177
1	2015	237	2.7	8.4	5	3.4	0.191
1	2015	238	-0.9	11	0	14	2.137
1	2015	239	0.8	12.1	0	15.8	2.419
1	2015	240	1.1	8.9	0	12.6	1.817
1	2015	241	3.9	13.8	6.9	9.3	1.184
1	2015	242	2.7	9.3	0	10.1	1.491
1	2015	243	5.4	7.7	27.1	3.6	0.232
1	2015	244	2.4	9.7	19.7	3.8	0.28
1	2015	245	3.9	16.7	10.8	9.9	1.466
1	2015	246	5.5	10.9	1.4	12.9	2.038
1	2015	247	4.3	10.6	1.1	6.2	0.704
1	2015	248	1	16.8	3.8	14.5	2.287
1	2015	249	0.4	10.2	0	13.8	2.148
1	2015	250	3.1	10.2	0	16.4	2.569
1	2015	251	-1.4	11.8	0	12.4	1.782
1	2015	252	-0.2	14.3	0	10.5	1.536
1	2015	253	5.2	19	14.6	3.8	0.263
1	2015	254	1.6	12.2	7.8	15	2.336
1	2015	255	2.4	12.3	0	19.1	2.957
1	2015	256	1.6	14.2	0	11.2	1.636
1	2015	257	4.9	13.3	0	16.5	2.614
1	2015	258	5.7	21.8	0	8.3	1.089
1	2015	259	8.5	21.4	0	11.2	1.722
1	2015	260	8.1	18.9	2.9	15.9	2.629
1	2015	261	7.7	16.1	1.2	11	1.754
1	2015	262	4.6	9.7	10.9	16.7	2.793
1	2015	263	3.9	8.2	29.8	7.5	0.968
1	2015	264	2.6	8.6	1.8	11.1	1.609
1	2015	265	-0.4	11	2.6	10.4	1.442
1	2015	266	5.7	11	0	12.2	1.837
1	2015	267	5.7	11	0	12.2	1.837
1	2015	268	0.4	11.8	0	19.7	3.448
1	2015	269	4.1	11	0	20.5	3.432
1	2015	270	1.9	12.5	5.4	20	3.277
1	2015	271	1	14.1	0	18.5	3.107
1	2015	272	5.6	15.5	0	21.2	3.473
1	2015	273	6.1	16.6	0	19.5	3.224
1	2015	274	4.7	21.5	3.8	18.3	3.109
1	2015	275	3.9	20.2	8.2	11.2	1.785
1	2015	276	5.3	17.6	0	16.4	2.815
1	2015	277	8.8	23.2	0	9.9	1.433
1	2015	278	7.6	16.4	0	22	3.96
1	2015	279	5.3	26.7	0	22.8	3.876
1	2015	280	13.7	26.1	0	15.7	2.595
1	2015	281	6	13.7	0	18	3.08
1	2015	282	1.7	17	0	23.3	3.787
1	2015	283	4.4	17.7	0	14.4	2.179
1	2015	284	5	23.2	0	17	2.827
1	2015	285	7.3	23.2	0	18.3	3.226
1	2015	286	7.6	15	13.5	14.7	2.458
1	2015	287	5.1	16.4	0	19.5	3.48
1	2015	288	4.8	17.1	0	19.1	3.216
1	2015	289	6.4	25.2	0	18.2	3.123
1	2015	290	11	16.9	0	17.2	2.981
1	2015	291	7.5	22.6	0	12.9	2.143
1	2015	292	5.4	17.8	0	19.7	3.375
1	2015	293	2.2	20.5	0	21.2	3.552
1	2015	294	7.5	22.9	0	17.4	2.971
1	2015	295	7.6	14.1	0	8.2	1.184
1	2015	296	6.5	15.1	4.1	16.7	3.086
1	2015	297	6.2	15.5	1.4	12.5	2.102
1	2015	298	5.8	16.8	0	22.7	3.977
1	2015	299	5.3	22.1	0	20.4	3.546
1	2015	300	7.5	11.4	0	24.6	4.494
1	2015	301	6.7	13	0	17.2	2.953
1	2015	302	7.8	10	3.4	10.7	1.708
1	2015	303	3.5	14.5	0	17.1	2.999
1	2015	304	1.5	17.3	0	22.1	3.918
1	2015	305	6.8	17.4	0	26.2	4.542
1	2015	306	8.7	24	0	18.3	3.022
1	2015	307	11.7	20.4	9.9	16	2.662
1	2015	308	5.2	10.6	6	15.4	2.605
1	2015	309	-0.8	14.9	0	26.4	4.58
1	2015	310	2.9	16.9	0	28.3	5.128
1	2015	311	8.3	20.2	0	29	5.379
1	2015	312	9.8	20.1	0	27.7	5.025
1	2015	313	9.5	19.4	0	23.1	4.278
1	2015	314	9.9	21.7	0	25.3	4.834
1	2015	315	9.2	11.9	0	22.9	4.315
1	2015	316	5.5	12.3	0	18	3.208
1	2015	317	6	14.9	0	27.6	4.66
1	2015	318	6.6	18.7	0	25.4	4.287
1	2015	319	7.4	12	13.8	6.6	0.851
1	2015	320	2.1	17.3	15.1	6.3	0.826
1	2015	321	6.7	18	0	18	3.083
1	2015	322	6.7	13.4	0	24.2	4.455
1	2015	323	0.9	18.3	0	19.6	3.479
1	2015	324	9.2	24.3	7	11.8	1.946
1	2015	325	7.9	18.3	25.2	5.9	0.724
1	2015	326	6.2	19	0	22.1	4.113
1	2015	327	5.5	23.1	0	30.3	5.594
1	2015	328	13.9	25.3	0	28.7	5.218
1	2015	329	13.2	28.6	0	27.7	5.388
1	2015	330	11.4	28	0	24.5	4.936
1	2015	331	18.7	26.1	22.6	18.5	3.648
1	2015	332	7.7	23.6	1.8	13.8	2.562
1	2015	333	9	15.6	0	31.3	6.039
1	2015	334	6.9	19.4	1.3	15.9	2.897
1	2015	335	12.3	24.3	0	12	2.099
1	2015	336	13.9	31.9	0	14.6	2.644
1	2015	337	17	27.3	0	20.1	3.89
1	2015	338	7.9	23	0	16.4	3.039
1	2015	339	9.6	26.5	0	21.1	3.802
1	2015	340	7	15.2	2	13	2.21
1	2015	341	5.2	18.9	0	20	3.746
1	2015	342	5.1	20.5	0	19.3	3.425
1	2015	343	9.7	19	0	27.1	5.005
1	2015	344	9.8	27.8	0	20.7	3.678
1	2015	345	8.8	18.8	2.7	22.6	4.426
1	2015	346	11.3	26	14.9	14.4	2.682
1	2015	347	12.8	17.1	0	23.3	4.536
1	2015	348	3.6	24.4	0	24.8	4.483
1	2015	349	10.1	24.8	0	20.3	3.605
1	2015	350	7.2	14.9	1.6	20.4	3.766
1	2015	351	6.9	14.7	0	28	5.16
1	2015	352	4.5	19.8	0	27.4	5.182
1	2015	353	9.6	15.4	0	30.6	5.904
1	2015	354	8.4	22.2	0	25.8	4.944
1	2015	355	12.8	34.4	0	27.1	5.292
1	2015	356	14.3	14.5	0	23.7	4.654
1	2015	357	4	16.9	0	24	4.724
1	2015	358	7.8	19.7	2.6	15.7	2.84
1	2015	359	9.6	21.9	0	20.5	4.001
1	2015	360	8.7	20.3	0	28.3	5.784
1	2015	361	11	19.5	0	30.6	6.249
1	2015	362	12.9	20.3	0	26.4	5.426
1	2015	363	7.2	20.1	0	31.3	6.258
1	2015	364	5.6	16.1	0	23.3	4.443
1	2015	365	9.8	19.7	0	26.8	5.537
1	2016	1	10.8	22.4	1.1	7.9	1.201
1	2016	2	14.2	18.1	25.7	5.1	0.595
1	2016	3	13.4	14.6	1.1	11.4	2.01
1	2016	4	6.7	16.4	0	25	5.023
1	2016	5	4.9	18.3	0	26.8	5.073
1	2016	6	9.3	20.4	0	29.1	5.596
1	2016	7	11.5	22.5	3.1	18.5	3.457
1	2016	8	14.5	25.3	16.2	6.4	0.882
1	2016	9	9.3	19.1	0	29.6	6.149
1	2016	10	12.8	15.2	0	20.9	3.964
1	2016	11	9.5	18.8	1.6	19.1	3.54
1	2016	12	10.4	27.1	0	13.1	2.382
1	2016	13	11.5	14.2	0	28.8	5.656
1	2016	14	7.8	22.9	0	20.3	4.002
1	2016	15	11.7	24.9	0	23.2	4.61
1	2016	16	10.7	14.9	0	24	4.888
1	2016	17	11.6	16.9	0	19.6	3.806
1	2016	18	11.2	15.3	25.4	15.3	2.967
1	2016	19	11.9	18.2	0	23.5	4.851
1	2016	20	12.9	23.5	0	19.7	3.908
1	2016	21	13.5	28.5	0	28.7	5.956
1	2016	22	14.8	30.1	0	26.5	5.413
1	2016	23	17	30.5	0	28.7	5.984
1	2016	24	18.8	23.9	0	27.9	5.947
1	2016	25	17.3	26.6	0	25.1	5.3
1	2016	26	14.1	14.7	0	20.8	4.374
1	2016	27	11.9	14.6	0	15.3	3.158
1	2016	28	10.7	15.4	0	22.4	4.762
1	2016	29	10.3	17.7	0	20.7	4.35
1	2016	30	10.4	15.7	0	23.6	4.95
1	2016	31	8.3	20.1	5.2	19.1	3.953
1	2016	32	11	23	2.6	16.3	3.238
1	2016	33	11.8	28.2	0	20.6	4.334
1	2016	34	11.4	24.8	0	26.8	5.779
1	2016	35	14.4	30	0	17.1	3.368
1	2016	36	16.3	19.4	1.8	10.7	1.919
1	2016	37	9.9	21.4	0	15.3	3.032
1	2016	38	12.9	19.6	0	22.3	4.772
1	2016	39	13.7	21.6	0	19	3.901
1	2016	40	13.8	22.8	0	8.2	1.32
1	2016	41	9.3	20.5	0	18.5	3.763
1	2016	42	11.2	24.1	0	15.1	3.001
1	2016	43	14.6	24.2	0	24.8	5.286
1	2016	44	14.6	24.2	0	24.8	5.286
1	2016	45	12.8	24.4	0	21.1	4.358
1	2016	46	12.2	30	0	15.6	3.047
1	2016	47	13.4	29.5	2.6	15.8	3.141
1	2016	48	19.1	27.2	18.9	5.4	0.679
1	2016	49	15.9	26.2	15	12.1	2.281
1	2016	50	14.2	25.2	0	18.6	3.759
1	2016	51	12.7	29.1	0	21.2	4.124
1	2016	52	9.4	22.8	0	19.3	3.789
1	2016	53	9.6	21	0	21.8	4.46
1	2016	54	13.7	21.4	2.3	15.2	2.979
1	2016	55	12.8	28.7	0	22.7	4.53
1	2016	56	16.5	30.9	0	23.7	4.604
1	2016	57	16.5	31.4	0	21.9	4.434
1	2016	58	15.7	31.6	4.2	16.3	3.179
1	2016	59	12.2	22.7	1.1	16.7	3.364
1	2016	60	12	13.3	9	5.3	0.667
1	2016	61	9.4	16.7	0	9.1	1.48
1	2016	62	10.5	19	0	21.6	4.292
1	2016	63	8.6	22.1	0	21.4	4.256
1	2016	64	8.9	23.4	0	20.4	4.002
1	2016	65	12.4	29.4	0	20.3	3.949
1	2016	66	14.1	26.9	0	14.6	2.633
1	2016	67	13.4	22.8	0	12.1	2.18
1	2016	68	14.1	16.7	0	20.8	4.223
1	2016	69	9.5	21.2	0	22.5	4.595
1	2016	70	10.8	30.3	0	20.1	3.718
1	2016	71	10.3	14.5	0	16.2	3.06
1	2016	72	2	17.1	0	22.5	4.074
1	2016	73	7.3	22	0	19.2	3.473
1	2016	74	9.4	21.1	0	10.9	1.818
1	2016	75	13.2	18.1	1.1	12.8	2.278
1	2016	76	7.7	11.7	0	16.1	3.151
1	2016	77	7.9	15.2	3.2	9.9	1.623
1	2016	78	8.5	21.2	0	11.2	1.967
1	2016	79	12.5	29.2	0	11.9	2.13
1	2016	80	18	29.3	0	10.9	1.877
1	2016	81	14.6	29.8	0	14.9	2.801
1	2016	82	13.2	27.7	0	15.4	2.924
1	2016	83	12.6	20.1	1.8	8.8	1.467
1	2016	84	15.5	25.6	5.1	4.9	0.58
1	2016	85	10.7	16.9	0	10.7	1.912
1	2016	86	9	18.1	0	12.8	2.393
1	2016	87	9.2	22	0	14.7	2.725
1	2016	88	11.4	16.9	0	15.3	2.792
1	2016	89	7.3	20.3	0	18.9	3.505
1	2016	90	8.4	15.5	0	17.2	3.191
1	2016	91	6.5	18.1	0	12.4	2.041
1	2016	92	9.6	20.9	3.2	6.3	0.817
1	2016	93	12.8	19.7	3.5	11.3	2.008
1	2016	94	13.3	25.9	1.9	12.1	2.197
1	2016	95	9.8	13.9	2.1	14.7	2.702
1	2016	96	3.1	18.8	0	14.7	2.564
1	2016	97	6.4	20.2	0	17.8	3.024
1	2016	98	9.5	24.6	0	12	1.89
1	2016	99	11.5	13.3	0	10.9	1.8
1	2016	100	6.7	17.1	0	11.7	1.9
1	2016	101	6.2	19.3	0	9.9	1.574
1	2016	102	7	24.1	0	9.6	1.554
1	2016	103	10.1	11.3	8.6	9.3	1.462
1	2016	104	2.6	16.6	0	7.2	1.029
1	2016	105	3.7	21.3	0	16.5	2.858
1	2016	106	5	17.1	0	14.5	2.321
1	2016	107	7.1	22.8	0	11.1	1.726
1	2016	108	6.3	19.2	2.7	4.8	0.494
1	2016	109	9.9	15.9	0	13.1	2.348
1	2016	110	4	17.7	0	14.6	2.502
1	2016	111	4.5	21.6	0	12.4	2.009
1	2016	112	5.8	17.5	0	13.4	2.17
1	2016	113	5.3	22	0	9.1	1.395
1	2016	114	9.4	22.1	1.7	12	1.933
1	2016	115	3.6	17.2	0	5.3	0.596
1	2016	116	6.4	16.4	0	11.8	1.883
1	2016	117	5.4	20.8	0	10.7	1.684
1	2016	118	4.7	18.5	0	9.8	1.425
1	2016	119	5.1	21.3	0	5.8	0.684
1	2016	120	4.1	16.9	0	5.4	0.612
1	2016	121	7.8	16.4	0	12.9	2.185
1	2016	122	6.9	23.9	0	10.6	1.676
1	2016	123	7	23.5	0	8.9	1.361
1	2016	124	10.7	21.6	0	9.3	1.422
1	2016	125	9.8	23.5	0	8.1	1.165
1	2016	126	12.6	17.9	1.9	4.4	0.422
1	2016	127	7.6	15.1	0	5	0.568
1	2016	128	3.9	22.9	0	10.3	1.701
1	2016	129	8.2	22	0	5.5	0.602
1	2016	130	6.9	14.8	0	11	1.768
1	2016	131	9.4	21	0	9	1.342
1	2016	132	11.6	24.9	2.2	3.6	0.254
1	2016	133	10.7	21.1	0	5.9	0.76
1	2016	134	10.5	20.8	1.8	4.9	0.531
1	2016	135	9	22.1	0	10.7	1.747
1	2016	136	7	19.4	0	9	1.324
1	2016	137	10.4	19.7	8	6.4	0.831
1	2016	138	3.2	12.3	0	8.3	1.203
1	2016	139	5.1	18.7	10.9	3.9	0.289
1	2016	140	4.5	18.9	1.2	8.5	1.214
1	2016	141	3.2	17.1	5.4	8.6	1.26
1	2016	142	7.8	12.3	1.4	6.1	0.735
1	2016	143	4.3	11.4	1.3	8	1.065
1	2016	144	5.4	11.4	4.8	4.6	0.395
1	2016	145	3.9	11.4	4.3	4.8	0.464
1	2016	146	5.3	12.8	4.8	5.9	0.711
1	2016	147	4.9	14.6	2.8	7.3	0.954
1	2016	148	1.5	12.6	5.7	4.3	0.374
1	2016	149	4.5	11.5	9.6	7.2	0.999
1	2016	150	6.6	11.3	29.3	3.9	0.314
1	2016	151	3.2	11	8.2	7.5	0.991
1	2016	152	4.7	7.9	2	7.8	1.012
1	2016	153	4.4	10.3	0	8.9	1.173
1	2016	154	0.6	11.9	0	10.1	1.336
1	2016	155	-0.4	14.3	0	9.7	1.217
1	2016	156	0.8	14.6	0	9.3	1.157
1	2016	157	0.1	11.5	0	9.3	1.15
1	2016	158	-0.2	12	0	8.9	1.103
1	2016	159	-0.7	11.9	0	6.4	0.719
1	2016	160	1.2	15.8	0	5.6	0.621
1	2016	161	3.6	19.5	0	3.9	0.31
1	2016	162	10.9	19.6	7.1	2.8	0.089
1	2016	163	5.6	14.3	0	8	1.125
1	2016	164	6.4	12	2.6	3.9	0.288
1	2016	165	-0.4	13.3	0	9.6	1.301
1	2016	166	2	18.3	0	5.4	0.516
1	2016	167	6	13.5	0	6.7	0.814
1	2016	168	0.1	14.2	0	5.3	0.542
1	2016	169	-0.1	14.5	0	7	0.796
1	2016	170	0.6	16.1	0	4.6	0.398
1	2016	171	3.3	11.1	0	7.1	0.91
1	2016	172	4.3	15.4	0	8.3	1.106
1	2016	173	6.2	15.7	11.5	3.1	0.135
1	2016	174	10.3	21	37.8	2.2	0
1	2016	175	11.3	15.4	8.1	3.5	0.231
1	2016	176	9.1	14.4	0	6.8	0.867
1	2016	177	0.2	11.8	10.2	1.9	0
1	2016	178	2.2	10.2	19.1	5.1	0.523
1	2016	179	7.3	11.5	11	4.3	0.367
1	2016	180	5.6	14.1	7.8	7	0.909
1	2016	181	1.6	11.5	23.4	1.9	0
1	2016	182	1.2	10.9	5.4	4	0.312
1	2016	183	1.8	9.6	0	9.6	1.227
1	2016	184	-1.9	12.3	0	9.6	1.128
1	2016	185	0.1	17	0	6.3	0.578
1	2016	186	5.3	17.3	0	9.5	1.185
1	2016	187	4.9	9.2	0	7.6	0.893
1	2016	188	-2.1	11.4	0	2.9	0.088
1	2016	189	0.1	10.3	17.9	2.8	0.076
1	2016	190	3.6	9.7	5	4.1	0.332
1	2016	191	0.1	9.5	0	5.9	0.659
1	2016	192	-1.2	10.2	0	7.5	0.942
1	2016	193	-2.1	9.6	0	9.6	1.282
1	2016	194	-2.3	13.5	0	9.5	1.227
1	2016	195	2.3	17.1	17.7	5.8	0.574
1	2016	196	6.8	13	2.7	7.7	0.945
1	2016	197	4.5	13.5	10.2	6.1	0.689
1	2016	198	1	13	0	7.6	0.967
1	2016	199	2.6	12.6	4.1	7.6	0.99
1	2016	200	4.7	10.5	0	8.2	1.032
1	2016	201	2.8	12.3	10.1	6.1	0.648
1	2016	202	1.1	13.7	0	8.5	1.135
1	2016	203	0.3	12.9	0	7.3	0.938
1	2016	204	-1	13.2	8.2	6.9	0.792
1	2016	205	1.1	20	13	4.8	0.452
1	2016	206	5	12.7	6.7	7.5	1.041
1	2016	207	-0.8	10.3	17	7.5	0.965
1	2016	208	-1.9	11.4	4.1	4.9	0.454
1	2016	209	0.5	16.6	0	8	1.038
1	2016	210	5.4	16.1	15.6	4.2	0.342
1	2016	211	1.7	10.6	2.3	8.8	1.218
1	2016	212	-1.1	14.8	12.4	6.7	0.79
1	2016	213	-0.7	10.8	3.5	7.3	0.885
1	2016	214	-3.2	9.6	15.2	8.5	1.106
1	2016	215	-1.3	10.3	0	11.3	1.681
1	2016	216	2	11	6.8	4.6	0.417
1	2016	217	3.2	6.9	3.8	3.9	0.286
1	2016	218	-1	6.1	3.4	8.1	1.065
1	2016	219	0.5	5.7	1.8	6.2	0.635
1	2016	220	-1.5	6.7	0	11.1	1.503
1	2016	221	-1.8	6.4	0	12.6	1.584
1	2016	222	0.9	10.3	0	12.6	1.674
1	2016	223	-3.3	9.3	0	4.7	0.408
1	2016	224	-2.3	10.8	0	5.3	0.547
1	2016	225	-0.5	14.1	0	9.1	1.185
1	2016	226	5.1	10.3	0	7.7	1.002
1	2016	227	-0.7	12.2	0	9.1	1.183
1	2016	228	1.9	13.1	0	12	1.823
1	2016	229	0.2	13.5	0	13.7	2.018
1	2016	230	2.9	12.7	0	14.2	2.084
1	2016	231	2.3	11.3	0	12.2	1.717
1	2016	232	2.2	12.2	0	13.9	2.04
1	2016	233	3.1	13.9	0	11.3	1.668
1	2016	234	4.8	17.4	0	14.6	2.17
1	2016	235	9.3	18.1	0	9.5	1.304
1	2016	236	1.4	12.7	0	13.1	1.996
1	2016	237	4.6	9.2	22.7	3.6	0.209
1	2016	238	6.4	13.6	28.1	2.2	0
1	2016	239	6.3	9.2	4.4	6.6	0.862
1	2016	240	6.8	11.9	0	11	1.657
1	2016	241	0.4	16.5	0	14.2	2.196
1	2016	242	4.9	19.2	0	4.1	0.301
1	2016	243	5.7	15.7	0	14	2.269
1	2016	244	1.2	14.3	0	15.1	2.36
1	2016	245	3.6	18.2	0	8.3	1.061
1	2016	246	6.9	20.7	2.8	9.8	1.459
1	2016	247	5.6	15.7	0	9	1.326
1	2016	248	3.7	15.3	12.8	5.1	0.552
1	2016	249	9	14.3	1.1	11.6	1.858
1	2016	250	6	13.9	0	13.4	2.173
1	2016	251	5.4	16.5	8	10.3	1.468
1	2016	252	1.6	8	0	9.1	1.158
1	2016	253	3	8.9	0	14.8	2.178
1	2016	254	-0.6	12.2	0	18.3	2.911
1	2016	255	2.7	15.3	0	18.6	2.877
1	2016	256	2.8	20.4	0	10.9	1.479
1	2016	257	6.5	15.5	0	13.4	2.052
1	2016	258	3.5	14.7	24.4	10.3	1.586
1	2016	259	5.2	13.9	4.4	6.5	0.827
1	2016	260	7.4	20.7	0	5.3	0.598
1	2016	261	8.3	18.8	14.4	3.7	0.266
1	2016	262	4.6	14.5	0	11.6	1.903
1	2016	263	8.6	12.9	0	17.1	2.878
1	2016	264	6.1	11.4	11.5	11.1	1.658
1	2016	265	4.6	9.9	2.6	8.3	1.152
1	2016	266	6.9	12.8	8.2	8	1.098
1	2016	267	6.4	12.8	0	10.3	1.621
1	2016	268	8.3	10.4	11.1	10.4	1.652
1	2016	269	7.7	11.6	11.9	4	0.32
1	2016	270	7.8	11.8	0	12.1	1.949
1	2016	271	9.5	14.5	0	11.9	1.939
1	2016	272	10.5	14.7	21.3	12.1	1.965
1	2016	273	10.8	15.6	8.4	8.3	1.193
1	2016	274	9.7	16.8	1.1	10.6	1.651
1	2016	275	7.1	19.1	8.2	9.9	1.527
1	2016	276	7.5	18.6	9.9	9.6	1.49
1	2016	277	8.1	14.3	4.4	15.7	2.632
1	2016	278	8.6	15.9	13.1	14.2	2.315
1	2016	279	10.7	14.9	13	18	3.192
1	2016	280	5.6	18.4	15.6	11	1.705
1	2016	281	6.2	14.2	2.3	16.3	2.668
1	2016	282	3	19.1	0	18.1	2.997
1	2016	283	2.6	12.9	2.7	9.9	1.516
1	2016	284	1.5	17.6	0	11.9	1.885
1	2016	285	9.8	21.5	0	16.8	2.956
1	2016	286	9	13.2	0	11.2	1.824
1	2016	287	1.3	18.1	0	21.4	3.598
1	2016	288	8.7	12.1	6.5	12.4	1.874
1	2016	289	4.1	17	3.1	17	2.769
1	2016	290	6.4	23.4	0	18.2	2.953
1	2016	291	12.6	20.9	0	23.4	4.282
1	2016	292	11.5	24.4	0	22.4	3.851
1	2016	293	9.6	23.1	0	11.6	1.819
1	2016	294	7.6	11.6	5.3	6.6	0.878
1	2016	295	7	13.1	0	23.3	4.138
1	2016	296	0.7	15.6	0	23.4	4.154
1	2016	297	5.1	14.9	0	24.6	4.288
1	2016	298	10	16	0	14.7	2.502
1	2016	299	10.8	22.1	6.2	9.9	1.592
1	2016	300	10.9	14.3	2.8	17.5	3.08
1	2016	301	9.3	17.7	0	19.9	3.554
1	2016	302	8.9	22.1	4.4	19.5	3.426
1	2016	303	5.8	12.5	0	23.2	4.167
1	2016	304	4.7	15.5	0	23.7	4.011
1	2016	305	3.4	15.8	0	24.6	4.185
1	2016	306	5.4	18	2.9	23.5	3.96
1	2016	307	10.4	16.8	1.6	15.5	2.675
1	2016	308	7.9	20.2	0	23.3	4.055
1	2016	309	8	16.2	2.3	23.7	4.182
1	2016	310	6.1	18.9	5.8	19.6	3.439
1	2016	311	10.3	22.4	16.7	18.6	3.421
1	2016	312	7	16.7	4.7	13	2.23
1	2016	313	4.5	20.1	0	24.3	4.549
1	2016	314	10.2	26.6	0	27.8	5.265
1	2016	315	6	16.4	0	15.9	2.834
1	2016	316	10.6	15.3	6.8	16.4	3.039
1	2016	317	8.6	12.2	1.3	13.1	2.211
1	2016	318	7.5	15.1	0	19.5	3.455
1	2016	319	8.3	18	1.2	16	2.708
1	2016	320	8	17.8	20.3	4.4	0.422
1	2016	321	10.8	21.6	15.9	21.2	3.965
1	2016	322	8.6	12.7	2.9	19.8	3.461
1	2016	323	5.4	17.4	0	27.1	4.823
1	2016	324	8.5	19.1	0	6.3	0.796
1	2016	325	6.1	19	0	28.2	5.353
1	2016	326	7.1	27.1	0	29	5.345
1	2016	327	10.7	25.2	0	29	5.491
1	2016	328	12.2	27.1	0	30	5.703
1	2016	329	10.5	14.6	0	23.4	4.438
1	2016	330	11.4	25	5.9	6.8	0.936
1	2016	331	11.3	19.9	0	23.1	4.326
1	2016	332	7.9	18.5	5.4	15.6	2.737
1	2016	333	5.1	20.9	0	25	4.494
1	2016	334	10.7	25.5	0	16.5	2.858
1	2016	335	8.3	12.7	0	17.3	3.165
1	2016	336	8	14.9	0	16.3	2.965
1	2016	337	9	14.2	0	22.6	4.341
1	2016	338	7.2	20.7	0	26.4	5
1	2016	339	10.8	16.9	0	22.5	4.188
1	2016	340	9.2	20.3	0	28.4	5.598
1	2016	341	9.9	25.2	1.8	22.3	4.348
1	2016	342	13.2	17.7	10.9	20.7	4.037
1	2016	343	13.3	15.9	3.1	7.1	1.001
1	2016	344	12.4	20.4	0	23.8	4.847
1	2016	345	13.2	27.2	4.9	10	1.708
1	2016	346	9.8	15.6	1.2	25.9	4.777
1	2016	347	6.5	15.7	0	24.1	4.475
1	2016	348	6.3	19.7	0	28.9	5.314
1	2016	349	11.5	25.6	0	10.1	1.572
1	2016	350	15.9	21.3	1.2	11.8	2.022
1	2016	351	5.5	24.3	0	28.9	5.515
1	2016	352	8.3	19.4	0	28.2	5.348
1	2016	353	13.1	25.1	0	23.9	4.439
1	2016	354	7.4	23.4	4.7	10.4	1.672
1	2016	355	6.8	19.9	0	31.2	5.823
1	2016	356	10.3	29.4	0	28.1	5.49
1	2016	357	17.4	21.9	14.4	23.2	4.584
1	2016	358	10.8	14.9	0	25.9	4.896
1	2016	359	9.4	20.6	0	26.3	4.762
1	2016	360	9.8	17.3	0	17.1	2.995
1	2016	361	9.7	19.7	0	19.3	3.504
1	2016	362	11.8	29	0	15.3	2.746
1	2016	363	10.4	16.4	0	28.3	5.642
1	2016	364	8.6	15.6	0	13.5	2.242
1	2016	365	4.6	21.2	0	28.9	5.459
1	2016	366	11.3	26.4	0	26.2	4.918
1	2017	1	16.6	28.4	0	15.2	2.73
1	2017	2	10.5	14.6	5	9.3	1.53
1	2017	3	11	19.7	2.8	4.2	0.409
1	2017	4	10.2	16.3	0	21.5	4.113
1	2017	5	4.3	16.4	0	31.4	5.784
1	2017	6	6.8	24.3	0	25.8	4.673
1	2017	7	6.7	18.3	0	27.9	5.35
1	2017	8	7.5	21.8	0	22	4.154
1	2017	9	10.1	18	0	15.8	2.867
1	2017	10	11	21	0	18.1	3.477
1	2017	11	12	29.7	0	24.1	4.796
1	2017	12	15.6	28.6	4.3	24.3	4.826
1	2017	13	8.7	22.2	0	26.1	5.403
1	2017	14	11.3	25.4	0	26.6	5.175
1	2017	15	14.4	27.8	3.2	8	1.251
1	2017	16	8.3	24.8	0	28.3	5.56
1	2017	17	12.6	28.3	0	29.8	5.748
1	2017	18	15	20.1	0	16.1	2.957
1	2017	19	13.2	22.4	7.3	14.8	2.684
1	2017	20	4.6	17.6	0	27.7	5.185
1	2017	21	6.8	19	15.7	19	3.379
1	2017	22	11.3	16.7	2.2	21	3.978
1	2017	23	11.3	20.3	0	18.9	3.508
1	2017	24	8.7	23.6	0	24.9	4.854
1	2017	25	15.1	24.7	1.4	10.1	1.6
1	2017	26	8.4	27.4	0	26.4	4.909
1	2017	27	8.8	25.8	0	24.9	4.768
1	2017	28	9.2	21.1	0	29.3	5.831
1	2017	29	11.5	25.3	0	26.4	5.127
1	2017	30	11.4	23.1	0	27	5.265
1	2017	31	12.1	30.3	0	19.6	3.875
1	2017	32	12.3	17.6	0	14.3	2.581
1	2017	33	10.5	20.2	2.4	14.7	2.798
1	2017	34	7.7	24.2	0	22.5	4.697
1	2017	35	12.7	28.7	0	28.1	5.376
1	2017	36	10.5	30	0	26.9	5.404
1	2017	37	14.8	28.7	0	27.6	5.532
1	2017	38	12.1	15.1	0	16.7	3.282
1	2017	39	9	15.7	0	8.8	1.478
1	2017	40	3.7	17.6	2.3	16.7	3.14
1	2017	41	7.8	21.8	0	19.9	3.636
1	2017	42	8	23.1	0	26.2	5.009
1	2017	43	12.2	27.9	1.4	15.1	2.714
1	2017	44	10.2	23.5	0	8.6	1.399
1	2017	45	11.5	23.6	0	7.9	1.208
1	2017	46	5.1	23.3	1.1	20.2	3.953
1	2017	47	7.6	21.3	46.5	4	0.342
1	2017	48	12.1	20	29.5	9.5	1.58
1	2017	49	12.8	20.9	11	14.5	2.796
1	2017	50	14.3	22.5	4.5	13.2	2.541
1	2017	51	15.4	23.9	0	18.5	3.705
1	2017	52	14.7	27.1	0	19.3	3.797
1	2017	53	14.5	23.5	0	19.9	3.953
1	2017	54	13.1	23.7	0	20.7	4.126
1	2017	55	12.7	24.1	0	21.3	4.333
1	2017	56	12.1	25.2	0	22.1	4.4
1	2017	57	12.9	15.8	0	20.1	3.868
1	2017	58	9.6	21.1	0	16.1	3.023
1	2017	59	9.5	21.8	3.3	13.5	2.525
1	2017	60	13.7	21.5	0	15.9	3.142
1	2017	61	11.6	24.9	0	21.4	4.148
1	2017	62	12	27.5	0	22	4.059
1	2017	63	10.4	20.3	0	14.2	2.56
1	2017	64	8.9	29.4	0	16.8	3.08
1	2017	65	12.1	23.1	0	19.3	3.772
1	2017	66	10.4	14.3	72.3	9.5	1.525
1	2017	67	7.3	16.4	13.4	4	0.328
1	2017	68	3.7	18.6	0	18.2	3.423
1	2017	69	6.2	24.8	75.3	9.1	1.53
1	2017	70	11.3	14.9	7.5	8.3	1.38
1	2017	71	10.2	12.7	9.9	8.7	1.48
1	2017	72	10.1	12	0	18.7	3.686
1	2017	73	9.2	14	0	16.9	3.105
1	2017	74	9.4	19.3	0	20.8	3.822
1	2017	75	6.2	22.9	0	19.9	3.654
1	2017	76	10.4	28.8	0	18.5	3.44
1	2017	77	11.6	14.6	0	15.6	2.835
1	2017	78	3.8	20.7	0	20	3.775
1	2017	79	9.3	21.3	0	13.5	2.293
1	2017	80	10.5	13.6	0	17	3.175
1	2017	81	10.8	14.6	0	9.7	1.6
1	2017	82	10.2	15.1	0	17.3	3.407
1	2017	83	8.8	20.5	0	11.4	1.923
1	2017	84	10.1	13.6	1.8	7.3	1.068
1	2017	85	10.6	17.3	22.8	12.2	2.217
1	2017	86	12.4	13.8	2.7	13.1	2.457
1	2017	87	9.2	17.5	34.9	14.1	2.652
1	2017	88	10.7	17.3	9.6	4.7	0.508
1	2017	89	12.3	20.9	0	12	2.162
1	2017	90	10.4	24.6	0	11.9	2.061
1	2017	91	12.3	23.1	0	15.5	2.811
1	2017	92	13.3	23.2	0	9.8	1.62
1	2017	93	10.3	11.9	17	9.1	1.517
1	2017	94	8.4	12.9	91.8	3.3	0.199
1	2017	95	8.1	12	14.6	4.5	0.46
1	2017	96	9.4	10.8	1.8	13.1	2.272
1	2017	97	4.1	17.3	0	13.6	2.356
1	2017	98	8.8	15.4	0	17	2.95
1	2017	99	4.3	17	0	13.5	2.227
1	2017	100	5	18.2	0	12.8	2.166
1	2017	101	7.4	17.7	0	12.1	2.123
1	2017	102	10.1	12.6	43	2.2	0
1	2017	103	11	14.8	38.3	2.2	0
1	2017	104	12	17.3	2.7	12.2	2.128
1	2017	105	11.4	23.2	5.8	11	1.835
1	2017	106	7.5	14.2	5.8	12.5	2.11
1	2017	107	7.8	13.8	3	11.5	1.875
1	2017	108	4.8	14.9	0	14.9	2.526
1	2017	109	4.1	18.4	0	13.9	2.283
1	2017	110	6.5	14.9	0	13	2.138
1	2017	111	4.8	17.6	0	14.5	2.359
1	2017	112	5.2	19.1	0	14.5	2.418
1	2017	113	6.1	20.9	0	10.9	1.694
1	2017	114	6.7	16.7	0	12.9	2.211
1	2017	115	8.4	16.3	0	14	2.323
1	2017	116	9.2	15.9	0	13.2	2.14
1	2017	117	6.9	21.1	0	11.3	1.76
1	2017	118	11.7	25	0	11.9	1.923
1	2017	119	7.1	17.1	24.4	2.5	0.023
1	2017	120	4.1	12	5.5	8.1	1.222
1	2017	121	3.4	12	0	12.7	1.967
1	2017	122	0.5	16.7	0	13.1	1.906
1	2017	123	6.4	20.2	4.4	12.1	1.822
1	2017	124	1.4	14.1	0	10.2	1.528
1	2017	125	2.3	14.8	0	12.6	2.002
1	2017	126	2	15.2	0	12	1.789
1	2017	127	5.8	13.4	0	7.5	0.957
1	2017	128	4.9	15.4	0	6.9	0.895
1	2017	129	3.7	14.8	0	7.9	1.071
1	2017	130	4.8	11.8	0	9.1	1.37
1	2017	131	6.6	14.9	36.6	2.2	0
1	2017	132	4.6	12	27.3	1.9	0
1	2017	133	6.4	13.1	0	11.7	1.753
1	2017	134	-0.1	12.3	0	11.2	1.542
1	2017	135	1.2	14.7	0	7.5	0.944
1	2017	136	3.3	13	3.9	5.5	0.577
1	2017	137	5.1	12.8	14.7	4.3	0.377
1	2017	138	7.4	13.6	1.8	4.6	0.46
1	2017	139	0.2	14.6	1.4	6.8	0.878
1	2017	140	0.7	8.5	3.9	5.3	0.558
1	2017	141	2.4	10.8	0	11.2	1.43
1	2017	142	-1.4	13.4	0	10.9	1.377
1	2017	143	1.5	17.4	0	5.7	0.524
1	2017	144	7.3	12.5	7	4.4	0.366
1	2017	145	2.5	13	0	5.2	0.496
1	2017	146	0.7	12.4	14	8	1.047
1	2017	147	3.4	11.5	3.3	5.4	0.593
1	2017	148	1.1	11.4	0	5.1	0.547
1	2017	149	1.9	11.1	0	9.1	1.349
1	2017	150	3.4	13.7	0	6.7	0.842
1	2017	151	3.5	10.9	0	7.5	1.017
1	2017	152	6.8	11.4	5.2	8.3	1.112
1	2017	153	5.4	11.9	0	5.8	0.646
1	2017	154	4.3	9.8	0	8.1	1.127
1	2017	155	1.6	7.2	0	9.5	1.253
1	2017	156	3.9	8	4.4	3.1	0.127
1	2017	157	4.4	10.1	0	7.8	0.961
1	2017	158	2.2	12.7	0	7.9	0.954
1	2017	159	2.9	12.9	0	9.5	1.205
1	2017	160	-0.7	12.1	0	9.1	1.122
1	2017	161	1.6	11.7	0	6.3	0.704
1	2017	162	0.6	16	0	9.3	1.211
1	2017	163	3.8	19.2	0	5.8	0.629
1	2017	164	5.3	15.9	6	6.2	0.739
1	2017	165	1	10.2	0	7.1	0.898
1	2017	166	-1.8	10.3	0	7.8	0.911
1	2017	167	0.9	11.2	0	6.4	0.74
1	2017	168	-0.2	13.5	0	7.5	0.939
1	2017	169	-0.6	12.2	0	6.5	0.766
1	2017	170	1.7	11.7	0	6.6	0.82
1	2017	171	1.2	13.3	0	9.1	1.254
1	2017	172	1.1	15.8	1.3	6.4	0.75
1	2017	173	4.6	8.7	10.8	2.9	0.101
1	2017	174	5.1	6.9	16.3	3	0.125
1	2017	175	4.1	11.5	0	4.4	0.398
1	2017	176	0.7	8	5.9	4.7	0.435
1	2017	177	-1.6	9.5	0	9.4	1.198
1	2017	178	0.1	10.9	0	9.3	1.137
1	2017	179	3.7	10.1	0	8.5	1.035
1	2017	180	2.2	9.7	0	9	1.162
1	2017	181	2.4	12.6	0	6.8	0.739
1	2017	182	5.9	9.7	28.4	2.2	0
1	2017	183	4.4	9.3	1.9	6.3	0.758
1	2017	184	3.9	12.2	0	6.6	0.803
1	2017	185	1.8	11.3	0	5.8	0.614
1	2017	186	1.3	9.5	3.2	6.2	0.711
1	2017	187	0.1	8.3	28.6	2.7	0.059
1	2017	188	-0.1	7.7	0	3.1	0.133
1	2017	189	-0.8	9.1	12.8	5	0.47
1	2017	190	1	9.8	1.6	6.5	0.766
1	2017	191	1.9	10.8	0	8.8	1.206
1	2017	192	-1.4	10.1	5.4	8	0.984
1	2017	193	0.1	4.2	0	7.5	0.872
1	2017	194	0.8	7	2.4	3.4	0.16
1	2017	195	3.1	8.1	1.6	3.1	0.12
1	2017	196	-1.1	9	0	10	1.274
1	2017	197	-1	11.2	0	7.2	0.789
1	2017	198	2.2	10.3	0	7.6	0.916
1	2017	199	4.4	10.7	0	6.9	0.871
1	2017	200	1.4	12.9	0	7	0.838
1	2017	201	2.7	14.8	23.6	4.8	0.459
1	2017	202	6.2	11.2	23.5	4.9	0.483
1	2017	203	5.1	6.8	3.8	4.6	0.419
1	2017	204	2.7	9.9	0	8.3	1.052
1	2017	205	1.6	14	2	6.6	0.776
1	2017	206	0.7	14.7	0	9	1.231
1	2017	207	1.1	14	0	8.9	1.167
1	2017	208	4.8	8.4	10.3	6	0.656
1	2017	209	2.1	6.6	0	5.8	0.627
1	2017	210	-0.9	8.9	0	11.6	1.49
1	2017	211	-3.7	8.7	0	11.7	1.467
1	2017	212	-1.3	12.8	0	8.9	1.028
1	2017	213	2.4	12.7	0	4.2	0.305
1	2017	214	4.3	8.9	0	4.1	0.322
1	2017	215	2.5	8.3	0	10.5	1.548
1	2017	216	-2.4	8.8	0	11.3	1.488
1	2017	217	-1.7	11.2	0	10.5	1.374
1	2017	218	2	17	15.4	6.9	0.778
1	2017	219	5.8	19.2	0	9.7	1.412
1	2017	220	6.3	13.8	10	5.9	0.691
1	2017	221	4.6	10.2	19.8	2	0
1	2017	222	4	14.9	1.9	9.5	1.382
1	2017	223	2.6	15.6	0	10.3	1.496
1	2017	224	4.8	18.2	1.2	7.2	0.955
1	2017	225	7.2	15.4	2.2	10.8	1.612
1	2017	226	7.2	15.4	2.2	10.8	1.612
1	2017	227	2.8	9.7	2.3	8.6	1.141
1	2017	228	-0.2	15.9	4.5	6.9	0.842
1	2017	229	4.5	18.2	3.9	3.8	0.264
1	2017	230	7	17.6	0	10.4	1.547
1	2017	231	1.5	12.8	7.3	5.9	0.684
1	2017	232	5.6	9.8	3.9	7.5	0.969
1	2017	233	5.5	8.6	0	13.5	2.129
1	2017	234	-1.1	13.3	0	11.6	1.644
1	2017	235	0.7	13.9	0	15	2.188
1	2017	236	1.9	17.3	0	15.8	2.37
1	2017	237	2	18	0	14.1	2.09
1	2017	238	5	14.7	1.3	10.7	1.528
1	2017	239	6.2	18.8	8.2	8.5	1.171
1	2017	240	8.1	17.4	15.6	7.7	1.088
1	2017	241	5.3	18.2	0	12.5	2.036
1	2017	242	7.2	11	17.6	4.9	0.453
1	2017	243	7.5	9.8	0	11.1	1.713
1	2017	244	6	8.2	24.4	10.4	1.528
1	2017	245	4.2	9.2	7.4	6	0.686
1	2017	246	4.9	9.2	0	9.1	1.296
1	2017	247	3.9	10.1	0	16.7	2.709
1	2017	248	2.7	15.7	5.8	10.3	1.486
1	2017	249	7.5	15.7	5.8	6.2	0.752
1	2017	250	4.9	15.9	5.5	13.7	2.239
1	2017	251	1.2	15.8	13.9	14.8	2.36
1	2017	252	3.8	13.5	10.3	9	1.267
1	2017	253	1.6	12.2	16.7	8.2	1.02
1	2017	254	2.2	12.7	5.9	11.9	1.709
1	2017	255	2.1	13.5	0	13.3	1.939
1	2017	256	1.7	14.8	15.5	14.4	2.306
1	2017	257	5	19.5	0	10.4	1.642
1	2017	258	8.5	22.5	14.7	17.5	3.153
1	2017	259	8.3	14.3	2.2	14.4	2.382
1	2017	260	4.1	16.1	19.5	12.2	1.857
1	2017	261	7.6	10.8	7.5	11	1.601
1	2017	262	7.6	12.3	0	18.7	3.056
1	2017	263	5.3	12.9	2.6	17.6	2.828
1	2017	264	8.8	12.3	4.8	11.3	1.717
1	2017	265	8.7	14.7	0	17.8	2.897
1	2017	266	7.9	19.7	0	20.2	3.405
1	2017	267	5.2	22.3	0	12	1.866
1	2017	268	11.4	23.3	0	7.2	0.974
1	2017	269	10.2	18.4	17	3.9	0.313
1	2017	270	8.1	14.7	0	13.7	2.303
1	2017	271	6	14.4	0	12.9	2.125
1	2017	272	6.8	21.3	0	13.2	2.09
1	2017	273	9.1	15.6	0	18.4	3.095
1	2017	274	4.2	14.2	24.4	7.9	1.039
1	2017	275	4	16.4	0	13.2	2.074
1	2017	276	4.9	23.3	0	16.1	2.746
1	2017	277	3.6	20.5	0	19.1	3.297
1	2017	278	7.3	12.3	0	15.1	2.61
1	2017	279	3.3	16.2	0	8.9	1.308
1	2017	280	7.9	10.4	12.9	10.3	1.598
1	2017	281	8.4	12.1	5.8	7.6	1.065
1	2017	282	9.7	13.9	0	16.3	2.891
1	2017	283	10.1	16.5	5.2	14.4	2.423
1	2017	284	8.5	13.9	0	18	3.149
1	2017	285	7.5	15.4	0	21.4	3.726
1	2017	286	7.6	23.8	1.8	10.2	1.51
1	2017	287	4.9	18.6	0	24.6	4.443
1	2017	288	6	17.1	0	22.6	3.889
1	2017	289	8.3	10.7	0	16.5	2.781
1	2017	290	3.7	18.8	0	20.8	3.632
1	2017	291	7.4	13.5	0	17.5	2.981
1	2017	292	4.3	22.9	0	24.9	4.17
1	2017	293	5.8	17.1	0	22.8	4.096
1	2017	294	8.8	19.5	0	13.9	2.327
1	2017	295	5.1	21.1	4.3	9.6	1.487
1	2017	296	7.7	18.6	15.9	7.6	1.024
1	2017	297	7.3	17.8	0	18.4	3.145
1	2017	298	6.2	19.1	2.8	16.7	2.823
1	2017	299	4.6	15.9	12.3	21.8	4.026
1	2017	300	8.9	15.7	5.3	6.6	0.856
1	2017	301	6.1	18.2	16.2	6	0.73
1	2017	302	10.4	21.2	0	14.5	2.558
1	2017	303	9	24.7	0	23.3	4.456
1	2017	304	9.2	22.9	0	21.1	3.837
1	2017	305	12.9	20.7	0	16.1	2.824
1	2017	306	9.9	23.6	1.3	16.2	2.911
1	2017	307	14	25.7	7	8.7	1.32
1	2017	308	15	24.1	11.2	9.6	1.58
1	2017	309	10.2	19.1	0	15.5	2.764
1	2017	310	4.2	16.9	0	26.7	4.832
1	2017	311	3.6	19.3	12.5	28.1	4.947
1	2017	312	5.9	15.9	0	18.9	3.379
1	2017	313	3.8	21.5	0	25.3	4.409
1	2017	314	7.5	16.1	0	18	3.146
1	2017	315	5.1	16.4	0	19.2	3.419
1	2017	316	7.2	15.3	0	23.1	4.116
1	2017	317	7.7	15	0	18.8	3.279
1	2017	318	6.9	17.2	0	20.1	3.61
			3.5	18.3			
			6.5	18.9			
			8.9	19.8			
			9.4	18			
			4.8	20.7			
			7.3	18.9			
			10.4	18.6			
			7.7	21.8			
			8.9	21			
			12.8	19.6			
			9.8	20.9			
			12	19.4			
			12.3	22.6			
			13.4	21.7			
			13.6	20.4			
			12.7	23.1			
			13.4	25			
			11.1	29.3			
			12.8	26.9			
			13	27.1			
			12.2	28.6			
			11.8	22.2			
			15.2	23.4			
			13.4	31.2			
			17	29.6			
			18.2	28.9			
			9.5	27.5			
			12.6	15.9			
			11	18.1			
			9.6	19.9			
			11.4	26			
			13	25.4			
			14.9	28.8			
			12	18.3			
			11.6	24.3			
			9.3	17.6			
			9.5	20.6			
			12.4	20.1			
			12.6	20.8			
			14.4	26.2			
			12.7	29.3			
			10.9	13.6			
			8.1	15.6			
			8	18			
			5.2	19			
			9.2	20.3			
			12.9	27			
			11.7	20.4			
			13.5	23.2			
			15.5	24.9			
			15.5	22.9			
			15	16.9			
			12.6	16.5			
			7.9	22.3			
			11.6	22.7			
			15.2	24.4			
			14.4	15.9			
			10.9	14.3			
			11.2	15.2			
			11.8	22.6			
			13.3	29.1			
			16.2	25.9			
			15.9	26.5			
			17.6	26			
			16.9	27.4			
			16.9	27.4			
			14.7	30			
			15.9	22.1			
			16.5	25.6			
			17.2	26			
			14.9	31.1			
			16.5	30			
			16.4	21.5			
			15.2	25.2			
			16.5	26.2			
			16.7	24.4			
			17.3	31.1			
			15.2	29.2			
			18.9	32			
			9.1	16.5			
			9.3	16.3			
			7.5	24.7			
			13.4	25.6			
			8.9	15.8			
			9.2	19.5			
			6.6	21			
			12	22			
			12.1	22.3			
			15.8	20.2			
			15.1	27.9			
			15.7	26.5			
			14.4	20			
			12.5	28.1			
			11.5	29.1			
			15.2	26.1			
			13.1	27.7			
			14.2	24.8			
			11.6	12.7			
			10.9	13			
			8	17.4			
			6.2	20.6			
			9.2	20.9			
			12.3	24.5			
			11.3	16			
			11	16.4			
			11.9	21.6			
			13	26.2			
			15.6	23.9			
			15.4	25.1			
			13.7	27.2			
			15.6	21.8			
			15.4	16.8			
			10.6	16.8			
			7	19.3			
			10.9	14.6			
			6.1	18.6			
			6.2	19.7			
			9.5	24			
			11.8	20.2			
			5.7	21.3			
			10	23.4			
			12.7	21.7			
			9.6	14.6			
			8.5	19.1			
			11.4	23.9			
			12.9	24.9			
			13.1	23			
			9.2	10.7			
			7.6	12.2			
			8.7	17.3			
			9.1	22.8			
			10.8	24.8			
			11.7	25.6			
			9.1	22.4			
			12.2	19.1			
			6.6	20.7			
			10.1	27			
			4.1	18			
			6.6	21.3			
			13.5	24.8			
			8.4	22.6			
			10.6	18.4			
			7.3	25.5			
			8.4	15.6			
			6.1	19.2			
			8	11			
			4.9	7.9			
			3	10.7			
			0.9	13.5			
			4.2	13.4			
			2.1	13.8			
			3.9	16.3			
			10.1	20.2			
			9.1	20.6			
			4.3	14.9			
			3.8	21.4			
			9.4	22.4			
			6.1	19			
			3.4	15			
			1.3	16.1			
			5.3	19.7			
			3.8	16.7			
			5.2	21.9			
			8.9	18.7			
			9.9	12			
			9.6	11.4			
			7.3	11.3			
			6	16.5			
			7	15.1			
			4.3	14.9			
			6.3	15			
			7.4	18.2			
			6.9	19.2			
			4.5	19.7			
			9.1	19.5			
			9.1	19.5			
			5.7	18.5			
			7	19			
			9.8	11.7			
			6	10.7			
			7	12.5			
			7.4	12.6			
			5	10.4			
			4.8	12.9			
			4.5	18			
			4.4	18.9			
			4.6	17.6			
			5.8	13.3			
			3.2	15			
			2.4	11.6			
			0.7	12.8			
			0.2	10.1			
			2.3	10.7			
			3.7	10.3			
			3.3	7			
			2.1	8.3			
			0.7	9.8			
