row.names.df_params.	ModePrior_1	MAP_1	MaxL_1	MeanPost_1	VarPost_1	CVPost_1	MinPost_1	MaxPost_1	ModePrior_2	MAP_2	MaxL_2	MeanPost_2	VarPost_2	CVPost_2	MinPost_2	MaxPost_2	ModePrior_3	MAP_3	MaxL_3	MeanPost_3	VarPost_3	CVPost_3	MinPost_3	MaxPost_3	ModePrior_4	MAP_4	MaxL_4	MeanPost_4	VarPost_4	CVPost_4	MinPost_4	MaxPost_4	ModePrior_5	MAP_5	MaxL_5	MeanPost_5	VarPost_5	CVPost_5	MinPost_5	MaxPost_5	ModePrior_6	MAP_6	MaxL_6	MeanPost_6	VarPost_6	CVPost_6	MinPost_6	MaxPost_6	ModePrior_7	MAP_7	MaxL_7	MeanPost_7	VarPost_7	CVPost_7	MinPost_7	MaxPost_7	ModePrior_8	MAP_8	MaxL_8	MeanPost_8	VarPost_8	CVPost_8	MinPost_8	MaxPost_8	ModePrior_9	MAP_9	MaxL_9	MeanPost_9	VarPost_9	CVPost_9	MinPost_9	MaxPost_9
LOG10CLVI	2	2.124	1.849	1.919	0.04501	0.1105	1.21	2.421	2	2.124	1.849	1.919	0.04501	0.1105	1.21	2.421	2	2.124	1.849	1.919	0.04501	0.1105	1.21	2.421	2	2.307	2.413	2.067	0.03576	0.09149	1.205	2.488	2	2.307	2.413	2.067	0.03576	0.09149	1.205	2.488	2	2.307	2.413	2.067	0.03576	0.09149	1.205	2.488	2	1.921	2.167	1.975	0.02983	0.08746	1.221	2.478	2	1.921	2.167	1.975	0.02983	0.08746	1.221	2.478	2	1.921	2.167	1.975	0.02983	0.08746	1.221	2.478
LOG10CRESI	0.5	0.5	0.5	0.5	0	0	0.5	0.5	0.5	0.5	0.5	0.5	0	0	0.5	0.5	0.5	0.5	0.5	0.5	0	0	0.5	0.5	0.5	0.5	0.5	0.5	0	0	0.5	0.5	0.5	0.5	0.5	0.5	0	0	0.5	0.5	0.5	0.5	0.5	0.5	0	0	0.5	0.5	0.5	0.5	0.5	0.5	0	0	0.5	0.5	0.5	0.5	0.5	0.5	0	0	0.5	0.5	0.5	0.5	0.5	0.5	0	0	0.5	0.5
LOG10CRTI	1.5	1.5	1.5	1.5	0	0	1.5	1.5	1.5	1.5	1.5	1.5	0	0	1.5	1.5	1.5	1.5	1.5	1.5	0	0	1.5	1.5	1.5	1.5	1.5	1.5	0	0	1.5	1.5	1.5	1.5	1.5	1.5	0	0	1.5	1.5	1.5	1.5	1.5	1.5	0	0	1.5	1.5	1.5	1.5	1.5	1.5	0	0	1.5	1.5	1.5	1.5	1.5	1.5	0	0	1.5	1.5	1.5	1.5	1.5	1.5	0	0	1.5	1.5
CSTI	0	0	0	0	0	0	0	0	0	0	0	0	0	0	0	0	0	0	0	0	0	0	0	0	0	0	0	0	0	0	0	0	0	0	0	0	0	0	0	0	0	0	0	0	0	0	0	0	0	0	0	0	0	0	0	0	0	0	0	0	0	0	0	0	0	0	0	0	0	0	0	0
LOG10LAII	0.5	0.5	0.5	0.5	0	0	0.5	0.5	0.5	0.5	0.5	0.5	0	0	0.5	0.5	0.5	0.5	0.5	0.5	0	0	0.5	0.5	0.5	0.5	0.5	0.5	0	0	0.5	0.5	0.5	0.5	0.5	0.5	0	0	0.5	0.5	0.5	0.5	0.5	0.5	0	0	0.5	0.5	0.5	0.5	0.5	0.5	0	0	0.5	0.5	0.5	0.5	0.5	0.5	0	0	0.5	0.5	0.5	0.5	0.5	0.5	0	0	0.5	0.5
PHENI	0	0	0	0	0	0	0	0	0	0	0	0	0	0	0	0	0	0	0	0	0	0	0	0	0	0	0	0	0	0	0	0	0	0	0	0	0	0	0	0	0	0	0	0	0	0	0	0	0	0	0	0	0	0	0	0	0	0	0	0	0	0	0	0	0	0	0	0	0	0	0	0
TILTOTI	4000	4845	5930	4107	1117000	0.2574	1418	7380	4000	4845	5930	4107	1117000	0.2574	1418	7380	4000	4845	5930	4107	1117000	0.2574	1418	7380	4000	5542	3535	4248	872500	0.2199	1761	7480	4000	5542	3535	4248	872500	0.2199	1761	7480	4000	5542	3535	4248	872500	0.2199	1761	7480	4000	3472	3045	3778	488900	0.1851	1668	6199	4000	3472	3045	3778	488900	0.1851	1668	6199	4000	3472	3045	3778	488900	0.1851	1668	6199
FRTILGI	0	0	0	0	0	0	0	0	0	0	0	0	0	0	0	0	0	0	0	0	0	0	0	0	0	0	0	0	0	0	0	0	0	0	0	0	0	0	0	0	0	0	0	0	0	0	0	0	0	0	0	0	0	0	0	0	0	0	0	0	0	0	0	0	0	0	0	0	0	0	0	0
LT50I	-4.789	-4.789	-4.789	-4.789	0	0	-4.789	-4.789	-4.789	-4.789	-4.789	-4.789	0	0	-4.789	-4.789	-4.789	-4.789	-4.789	-4.789	0	0	-4.789	-4.789	-4.789	-4.789	-4.789	-4.789	0	0	-4.789	-4.789	-4.789	-4.789	-4.789	-4.789	0	0	-4.789	-4.789	-4.789	-4.789	-4.789	-4.789	0	0	-4.789	-4.789	-4.789	-4.789	-4.789	-4.789	0	0	-4.789	-4.789	-4.789	-4.789	-4.789	-4.789	0	0	-4.789	-4.789	-4.789	-4.789	-4.789	-4.789	0	0	-4.789	-4.789
CLAIV	0.7054	0.7054	0.7054	0.7054	0	0	0.7054	0.7054	0.7054	0.7054	0.7054	0.7054	0	0	0.7054	0.7054	0.7054	0.7054	0.7054	0.7054	0	0	0.7054	0.7054	0.7054	0.7054	0.7054	0.7054	0	0	0.7054	0.7054	0.7054	0.7054	0.7054	0.7054	0	0	0.7054	0.7054	0.7054	0.7054	0.7054	0.7054	0	0	0.7054	0.7054	0.7054	0.7054	0.7054	0.7054	0	0	0.7054	0.7054	0.7054	0.7054	0.7054	0.7054	0	0	0.7054	0.7054	0.7054	0.7054	0.7054	0.7054	0	0	0.7054	0.7054
COCRESMX	0.275	0.2584	0.2616	0.2459	0.000991	0.128	0.1441	0.3237	0.275	0.2584	0.2616	0.2459	0.000991	0.128	0.1441	0.3237	0.275	0.2584	0.2616	0.2459	0.000991	0.128	0.1441	0.3237	0.275	0.2584	0.2616	0.2459	0.000991	0.128	0.1441	0.3237	0.275	0.2584	0.2616	0.2459	0.000991	0.128	0.1441	0.3237	0.275	0.2584	0.2616	0.2459	0.000991	0.128	0.1441	0.3237	0.275	0.2584	0.2616	0.2459	0.000991	0.128	0.1441	0.3237	0.275	0.2584	0.2616	0.2459	0.000991	0.128	0.1441	0.3237	0.275	0.2584	0.2616	0.2459	0.000991	0.128	0.1441	0.3237
CSTAVM	0.1	0.09859	0.08253	0.08973	0.0006399	0.2819	0.0254	0.1833	0.1	0.09859	0.08253	0.08973	0.0006399	0.2819	0.0254	0.1833	0.1	0.09859	0.08253	0.08973	0.0006399	0.2819	0.0254	0.1833	0.1	0.09859	0.08253	0.08973	0.0006399	0.2819	0.0254	0.1833	0.1	0.09859	0.08253	0.08973	0.0006399	0.2819	0.0254	0.1833	0.1	0.09859	0.08253	0.08973	0.0006399	0.2819	0.0254	0.1833	0.1	0.09859	0.08253	0.08973	0.0006399	0.2819	0.0254	0.1833	0.1	0.09859	0.08253	0.08973	0.0006399	0.2819	0.0254	0.1833	0.1	0.09859	0.08253	0.08973	0.0006399	0.2819	0.0254	0.1833
DAYLB	0.4	0.3613	0.3457	0.3143	0.001735	0.1325	0.1146	0.4581	0.4	0.3613	0.3457	0.3143	0.001735	0.1325	0.1146	0.4581	0.4	0.3613	0.3457	0.3143	0.001735	0.1325	0.1146	0.4581	0.4	0.3613	0.3457	0.3143	0.001735	0.1325	0.1146	0.4581	0.4	0.3613	0.3457	0.3143	0.001735	0.1325	0.1146	0.4581	0.4	0.3613	0.3457	0.3143	0.001735	0.1325	0.1146	0.4581	0.4	0.3613	0.3457	0.3143	0.001735	0.1325	0.1146	0.4581	0.4	0.3613	0.3457	0.3143	0.001735	0.1325	0.1146	0.4581	0.4	0.3613	0.3457	0.3143	0.001735	0.1325	0.1146	0.4581
DAYLP	0.55	0.6745	0.7095	0.6258	0.00462	0.1086	0.5039	0.8522	0.55	0.6745	0.7095	0.6258	0.00462	0.1086	0.5039	0.8522	0.55	0.6745	0.7095	0.6258	0.00462	0.1086	0.5039	0.8522	0.55	0.6745	0.7095	0.6258	0.00462	0.1086	0.5039	0.8522	0.55	0.6745	0.7095	0.6258	0.00462	0.1086	0.5039	0.8522	0.55	0.6745	0.7095	0.6258	0.00462	0.1086	0.5039	0.8522	0.55	0.6745	0.7095	0.6258	0.00462	0.1086	0.5039	0.8522	0.55	0.6745	0.7095	0.6258	0.00462	0.1086	0.5039	0.8522	0.55	0.6745	0.7095	0.6258	0.00462	0.1086	0.5039	0.8522
DLMXGE	0.6	0.6164	0.6708	0.6568	0.002345	0.07373	0.5507	0.8085	0.6	0.6164	0.6708	0.6568	0.002345	0.07373	0.5507	0.8085	0.6	0.6164	0.6708	0.6568	0.002345	0.07373	0.5507	0.8085	0.6	0.6164	0.6708	0.6568	0.002345	0.07373	0.5507	0.8085	0.6	0.6164	0.6708	0.6568	0.002345	0.07373	0.5507	0.8085	0.6	0.6164	0.6708	0.6568	0.002345	0.07373	0.5507	0.8085	0.6	0.6164	0.6708	0.6568	0.002345	0.07373	0.5507	0.8085	0.6	0.6164	0.6708	0.6568	0.002345	0.07373	0.5507	0.8085	0.6	0.6164	0.6708	0.6568	0.002345	0.07373	0.5507	0.8085
FSLAMIN	0.5	0.574	0.5602	0.5818	0.005684	0.1296	0.4112	0.8353	0.5	0.574	0.5602	0.5818	0.005684	0.1296	0.4112	0.8353	0.5	0.574	0.5602	0.5818	0.005684	0.1296	0.4112	0.8353	0.5	0.574	0.5602	0.5818	0.005684	0.1296	0.4112	0.8353	0.5	0.574	0.5602	0.5818	0.005684	0.1296	0.4112	0.8353	0.5	0.574	0.5602	0.5818	0.005684	0.1296	0.4112	0.8353	0.5	0.574	0.5602	0.5818	0.005684	0.1296	0.4112	0.8353	0.5	0.574	0.5602	0.5818	0.005684	0.1296	0.4112	0.8353	0.5	0.574	0.5602	0.5818	0.005684	0.1296	0.4112	0.8353
FSMAX	0.7	0.7392	0.7789	0.7128	0.0007941	0.03953	0.6238	0.7816	0.7	0.7392	0.7789	0.7128	0.0007941	0.03953	0.6238	0.7816	0.7	0.7392	0.7789	0.7128	0.0007941	0.03953	0.6238	0.7816	0.7	0.7392	0.7789	0.7128	0.0007941	0.03953	0.6238	0.7816	0.7	0.7392	0.7789	0.7128	0.0007941	0.03953	0.6238	0.7816	0.7	0.7392	0.7789	0.7128	0.0007941	0.03953	0.6238	0.7816	0.7	0.7392	0.7789	0.7128	0.0007941	0.03953	0.6238	0.7816	0.7	0.7392	0.7789	0.7128	0.0007941	0.03953	0.6238	0.7816	0.7	0.7392	0.7789	0.7128	0.0007941	0.03953	0.6238	0.7816
HAGERE	0.8	0.7846	0.7149	0.784	0.002592	0.06494	0.6376	0.893	0.8	0.7846	0.7149	0.784	0.002592	0.06494	0.6376	0.893	0.8	0.7846	0.7149	0.784	0.002592	0.06494	0.6376	0.893	0.8	0.7846	0.7149	0.784	0.002592	0.06494	0.6376	0.893	0.8	0.7846	0.7149	0.784	0.002592	0.06494	0.6376	0.893	0.8	0.7846	0.7149	0.784	0.002592	0.06494	0.6376	0.893	0.8	0.7846	0.7149	0.784	0.002592	0.06494	0.6376	0.893	0.8	0.7846	0.7149	0.784	0.002592	0.06494	0.6376	0.893	0.8	0.7846	0.7149	0.784	0.002592	0.06494	0.6376	0.893
KLAI	0.6	0.7336	0.7163	0.6614	0.007407	0.1301	0.3535	0.8964	0.6	0.7336	0.7163	0.6614	0.007407	0.1301	0.3535	0.8964	0.6	0.7336	0.7163	0.6614	0.007407	0.1301	0.3535	0.8964	0.6	0.7336	0.7163	0.6614	0.007407	0.1301	0.3535	0.8964	0.6	0.7336	0.7163	0.6614	0.007407	0.1301	0.3535	0.8964	0.6	0.7336	0.7163	0.6614	0.007407	0.1301	0.3535	0.8964	0.6	0.7336	0.7163	0.6614	0.007407	0.1301	0.3535	0.8964	0.6	0.7336	0.7163	0.6614	0.007407	0.1301	0.3535	0.8964	0.6	0.7336	0.7163	0.6614	0.007407	0.1301	0.3535	0.8964
LAICR	2.5	2.577	2.946	2.567	0.04889	0.08614	2.015	3.266	2.5	2.577	2.946	2.567	0.04889	0.08614	2.015	3.266	2.5	2.577	2.946	2.567	0.04889	0.08614	2.015	3.266	2.5	2.577	2.946	2.567	0.04889	0.08614	2.015	3.266	2.5	2.577	2.946	2.567	0.04889	0.08614	2.015	3.266	2.5	2.577	2.946	2.567	0.04889	0.08614	2.015	3.266	2.5	2.577	2.946	2.567	0.04889	0.08614	2.015	3.266	2.5	2.577	2.946	2.567	0.04889	0.08614	2.015	3.266	2.5	2.577	2.946	2.567	0.04889	0.08614	2.015	3.266
LAIEFT	0.183	0.1228	0.1078	0.134	0.0005144	0.1693	0.1001	0.2861	0.183	0.1228	0.1078	0.134	0.0005144	0.1693	0.1001	0.2861	0.183	0.1228	0.1078	0.134	0.0005144	0.1693	0.1001	0.2861	0.183	0.1228	0.1078	0.134	0.0005144	0.1693	0.1001	0.2861	0.183	0.1228	0.1078	0.134	0.0005144	0.1693	0.1001	0.2861	0.183	0.1228	0.1078	0.134	0.0005144	0.1693	0.1001	0.2861	0.183	0.1228	0.1078	0.134	0.0005144	0.1693	0.1001	0.2861	0.183	0.1228	0.1078	0.134	0.0005144	0.1693	0.1001	0.2861	0.183	0.1228	0.1078	0.134	0.0005144	0.1693	0.1001	0.2861
LAITIL	0.867	0.8907	0.9092	0.8765	0.005211	0.08236	0.6545	0.9973	0.867	0.8907	0.9092	0.8765	0.005211	0.08236	0.6545	0.9973	0.867	0.8907	0.9092	0.8765	0.005211	0.08236	0.6545	0.9973	0.867	0.8907	0.9092	0.8765	0.005211	0.08236	0.6545	0.9973	0.867	0.8907	0.9092	0.8765	0.005211	0.08236	0.6545	0.9973	0.867	0.8907	0.9092	0.8765	0.005211	0.08236	0.6545	0.9973	0.867	0.8907	0.9092	0.8765	0.005211	0.08236	0.6545	0.9973	0.867	0.8907	0.9092	0.8765	0.005211	0.08236	0.6545	0.9973	0.867	0.8907	0.9092	0.8765	0.005211	0.08236	0.6545	0.9973
LFWIDG	0.003	0.003926	0.006918	0.003987	1.973e-06	0.3523	0.0003877	0.008765	0.003	0.003926	0.006918	0.003987	1.973e-06	0.3523	0.0003877	0.008765	0.003	0.003926	0.006918	0.003987	1.973e-06	0.3523	0.0003877	0.008765	0.003	0.003926	0.006918	0.003987	1.973e-06	0.3523	0.0003877	0.008765	0.003	0.003926	0.006918	0.003987	1.973e-06	0.3523	0.0003877	0.008765	0.003	0.003926	0.006918	0.003987	1.973e-06	0.3523	0.0003877	0.008765	0.003	0.003926	0.006918	0.003987	1.973e-06	0.3523	0.0003877	0.008765	0.003	0.003926	0.006918	0.003987	1.973e-06	0.3523	0.0003877	0.008765	0.003	0.003926	0.006918	0.003987	1.973e-06	0.3523	0.0003877	0.008765
LFWIDV	0.003	0.002283	0.00203	0.002372	6.21e-08	0.105	0.002001	0.005933	0.003	0.002283	0.00203	0.002372	6.21e-08	0.105	0.002001	0.005933	0.003	0.002283	0.00203	0.002372	6.21e-08	0.105	0.002001	0.005933	0.003	0.002283	0.00203	0.002372	6.21e-08	0.105	0.002001	0.005933	0.003	0.002283	0.00203	0.002372	6.21e-08	0.105	0.002001	0.005933	0.003	0.002283	0.00203	0.002372	6.21e-08	0.105	0.002001	0.005933	0.003	0.002283	0.00203	0.002372	6.21e-08	0.105	0.002001	0.005933	0.003	0.002283	0.00203	0.002372	6.21e-08	0.105	0.002001	0.005933	0.003	0.002283	0.00203	0.002372	6.21e-08	0.105	0.002001	0.005933
NELLVM	1.3	1.3	1.3	1.3	0	0	1.3	1.3	1.3	1.3	1.3	1.3	0	0	1.3	1.3	1.3	1.3	1.3	1.3	0	0	1.3	1.3	1.3	1.3	1.3	1.3	0	0	1.3	1.3	1.3	1.3	1.3	1.3	0	0	1.3	1.3	1.3	1.3	1.3	1.3	0	0	1.3	1.3	1.3	1.3	1.3	1.3	0	0	1.3	1.3	1.3	1.3	1.3	1.3	0	0	1.3	1.3	1.3	1.3	1.3	1.3	0	0	1.3	1.3
PHENCR	0.6	0.702	0.6994	0.6047	0.01773	0.2202	0.2133	0.9271	0.6	0.702	0.6994	0.6047	0.01773	0.2202	0.2133	0.9271	0.6	0.702	0.6994	0.6047	0.01773	0.2202	0.2133	0.9271	0.6	0.702	0.6994	0.6047	0.01773	0.2202	0.2133	0.9271	0.6	0.702	0.6994	0.6047	0.01773	0.2202	0.2133	0.9271	0.6	0.702	0.6994	0.6047	0.01773	0.2202	0.2133	0.9271	0.6	0.702	0.6994	0.6047	0.01773	0.2202	0.2133	0.9271	0.6	0.702	0.6994	0.6047	0.01773	0.2202	0.2133	0.9271	0.6	0.702	0.6994	0.6047	0.01773	0.2202	0.2133	0.9271
PHY	100	75.11	62.28	82.73	236.6	0.1859	38.95	123.4	100	75.11	62.28	82.73	236.6	0.1859	38.95	123.4	100	75.11	62.28	82.73	236.6	0.1859	38.95	123.4	100	75.11	62.28	82.73	236.6	0.1859	38.95	123.4	100	75.11	62.28	82.73	236.6	0.1859	38.95	123.4	100	75.11	62.28	82.73	236.6	0.1859	38.95	123.4	100	75.11	62.28	82.73	236.6	0.1859	38.95	123.4	100	75.11	62.28	82.73	236.6	0.1859	38.95	123.4	100	75.11	62.28	82.73	236.6	0.1859	38.95	123.4
RDRSCO	0.03	0.08209	0.08097	0.07415	0.000347	0.2512	0.0107	0.1316	0.03	0.08209	0.08097	0.07415	0.000347	0.2512	0.0107	0.1316	0.03	0.08209	0.08097	0.07415	0.000347	0.2512	0.0107	0.1316	0.03	0.08209	0.08097	0.07415	0.000347	0.2512	0.0107	0.1316	0.03	0.08209	0.08097	0.07415	0.000347	0.2512	0.0107	0.1316	0.03	0.08209	0.08097	0.07415	0.000347	0.2512	0.0107	0.1316	0.03	0.08209	0.08097	0.07415	0.000347	0.2512	0.0107	0.1316	0.03	0.08209	0.08097	0.07415	0.000347	0.2512	0.0107	0.1316	0.03	0.08209	0.08097	0.07415	0.000347	0.2512	0.0107	0.1316
RDRSMX	0.09	0.08956	0.08276	0.09706	0.0002826	0.1732	0.05056	0.1444	0.09	0.08956	0.08276	0.09706	0.0002826	0.1732	0.05056	0.1444	0.09	0.08956	0.08276	0.09706	0.0002826	0.1732	0.05056	0.1444	0.09	0.08956	0.08276	0.09706	0.0002826	0.1732	0.05056	0.1444	0.09	0.08956	0.08276	0.09706	0.0002826	0.1732	0.05056	0.1444	0.09	0.08956	0.08276	0.09706	0.0002826	0.1732	0.05056	0.1444	0.09	0.08956	0.08276	0.09706	0.0002826	0.1732	0.05056	0.1444	0.09	0.08956	0.08276	0.09706	0.0002826	0.1732	0.05056	0.1444	0.09	0.08956	0.08276	0.09706	0.0002826	0.1732	0.05056	0.1444
RDRTEM	0.001	0.0008753	0.0006572	0.00105	8.098e-08	0.2711	0.0005078	0.001953	0.001	0.0008753	0.0006572	0.00105	8.098e-08	0.2711	0.0005078	0.001953	0.001	0.0008753	0.0006572	0.00105	8.098e-08	0.2711	0.0005078	0.001953	0.001	0.0008753	0.0006572	0.00105	8.098e-08	0.2711	0.0005078	0.001953	0.001	0.0008753	0.0006572	0.00105	8.098e-08	0.2711	0.0005078	0.001953	0.001	0.0008753	0.0006572	0.00105	8.098e-08	0.2711	0.0005078	0.001953	0.001	0.0008753	0.0006572	0.00105	8.098e-08	0.2711	0.0005078	0.001953	0.001	0.0008753	0.0006572	0.00105	8.098e-08	0.2711	0.0005078	0.001953	0.001	0.0008753	0.0006572	0.00105	8.098e-08	0.2711	0.0005078	0.001953
RGENMX	0.01	0.004928	0.00496	0.006309	4.072e-06	0.3198	0.002061	0.01756	0.01	0.004928	0.00496	0.006309	4.072e-06	0.3198	0.002061	0.01756	0.01	0.004928	0.00496	0.006309	4.072e-06	0.3198	0.002061	0.01756	0.01	0.004928	0.00496	0.006309	4.072e-06	0.3198	0.002061	0.01756	0.01	0.004928	0.00496	0.006309	4.072e-06	0.3198	0.002061	0.01756	0.01	0.004928	0.00496	0.006309	4.072e-06	0.3198	0.002061	0.01756	0.01	0.004928	0.00496	0.006309	4.072e-06	0.3198	0.002061	0.01756	0.01	0.004928	0.00496	0.006309	4.072e-06	0.3198	0.002061	0.01756	0.01	0.004928	0.00496	0.006309	4.072e-06	0.3198	0.002061	0.01756
ROOTDM	0.2	0.1751	0.2391	0.2426	0.004088	0.2635	0.1065	0.4699	0.2	0.1751	0.2391	0.2426	0.004088	0.2635	0.1065	0.4699	0.2	0.1751	0.2391	0.2426	0.004088	0.2635	0.1065	0.4699	0.2	0.2161	0.1984	0.2214	0.002646	0.2324	0.1052	0.3986	0.2	0.2161	0.1984	0.2214	0.002646	0.2324	0.1052	0.3986	0.2	0.2161	0.1984	0.2214	0.002646	0.2324	0.1052	0.3986	0.2	0.3819	0.4431	0.3624	0.004548	0.1861	0.1396	0.5591	0.2	0.3819	0.4431	0.3624	0.004548	0.1861	0.1396	0.5591	0.2	0.3819	0.4431	0.3624	0.004548	0.1861	0.1396	0.5591
RRDMAX	0.0101	0.0101	0.0101	0.0101	0	0	0.0101	0.0101	0.0101	0.0101	0.0101	0.0101	0	0	0.0101	0.0101	0.0101	0.0101	0.0101	0.0101	0	0	0.0101	0.0101	0.0101	0.0101	0.0101	0.0101	0	0	0.0101	0.0101	0.0101	0.0101	0.0101	0.0101	0	0	0.0101	0.0101	0.0101	0.0101	0.0101	0.0101	0	0	0.0101	0.0101	0.0101	0.0101	0.0101	0.0101	0	0	0.0101	0.0101	0.0101	0.0101	0.0101	0.0101	0	0	0.0101	0.0101	0.0101	0.0101	0.0101	0.0101	0	0	0.0101	0.0101
RUBISC	2.7	3.742	3.388	3.654	0.5029	0.1941	1.419	7.868	2.7	3.742	3.388	3.654	0.5029	0.1941	1.419	7.868	2.7	3.742	3.388	3.654	0.5029	0.1941	1.419	7.868	2.7	3.742	3.388	3.654	0.5029	0.1941	1.419	7.868	2.7	3.742	3.388	3.654	0.5029	0.1941	1.419	7.868	2.7	3.742	3.388	3.654	0.5029	0.1941	1.419	7.868	2.7	3.742	3.388	3.654	0.5029	0.1941	1.419	7.868	2.7	3.742	3.388	3.654	0.5029	0.1941	1.419	7.868	2.7	3.742	3.388	3.654	0.5029	0.1941	1.419	7.868
LSHAPE	0.6	0.6	0.6	0.6	0	0	0.6	0.6	0.6	0.6	0.6	0.6	0	0	0.6	0.6	0.6	0.6	0.6	0.6	0	0	0.6	0.6	0.6	0.6	0.6	0.6	0	0	0.6	0.6	0.6	0.6	0.6	0.6	0	0	0.6	0.6	0.6	0.6	0.6	0.6	0	0	0.6	0.6	0.6	0.6	0.6	0.6	0	0	0.6	0.6	0.6	0.6	0.6	0.6	0	0	0.6	0.6	0.6	0.6	0.6	0.6	0	0	0.6	0.6
SIMAX1T	0.004	0.003222	0.003237	0.003174	3.124e-07	0.1761	0.002082	0.005455	0.004	0.003222	0.003237	0.003174	3.124e-07	0.1761	0.002082	0.005455	0.004	0.003222	0.003237	0.003174	3.124e-07	0.1761	0.002082	0.005455	0.004	0.003222	0.003237	0.003174	3.124e-07	0.1761	0.002082	0.005455	0.004	0.003222	0.003237	0.003174	3.124e-07	0.1761	0.002082	0.005455	0.004	0.003222	0.003237	0.003174	3.124e-07	0.1761	0.002082	0.005455	0.004	0.003222	0.003237	0.003174	3.124e-07	0.1761	0.002082	0.005455	0.004	0.003222	0.003237	0.003174	3.124e-07	0.1761	0.002082	0.005455	0.004	0.003222	0.003237	0.003174	3.124e-07	0.1761	0.002082	0.005455
SLAMAX	0.03	0.03124	0.03364	0.0322	3.155e-06	0.05516	0.02397	0.03848	0.03	0.03124	0.03364	0.0322	3.155e-06	0.05516	0.02397	0.03848	0.03	0.03124	0.03364	0.0322	3.155e-06	0.05516	0.02397	0.03848	0.03	0.03124	0.03364	0.0322	3.155e-06	0.05516	0.02397	0.03848	0.03	0.03124	0.03364	0.0322	3.155e-06	0.05516	0.02397	0.03848	0.03	0.03124	0.03364	0.0322	3.155e-06	0.05516	0.02397	0.03848	0.03	0.03124	0.03364	0.0322	3.155e-06	0.05516	0.02397	0.03848	0.03	0.03124	0.03364	0.0322	3.155e-06	0.05516	0.02397	0.03848	0.03	0.03124	0.03364	0.0322	3.155e-06	0.05516	0.02397	0.03848
TBASE	4.5	4.493	4.218	4.449	0.2096	0.1029	2.685	5.77	4.5	4.493	4.218	4.449	0.2096	0.1029	2.685	5.77	4.5	4.493	4.218	4.449	0.2096	0.1029	2.685	5.77	4.5	4.493	4.218	4.449	0.2096	0.1029	2.685	5.77	4.5	4.493	4.218	4.449	0.2096	0.1029	2.685	5.77	4.5	4.493	4.218	4.449	0.2096	0.1029	2.685	5.77	4.5	4.493	4.218	4.449	0.2096	0.1029	2.685	5.77	4.5	4.493	4.218	4.449	0.2096	0.1029	2.685	5.77	4.5	4.493	4.218	4.449	0.2096	0.1029	2.685	5.77
TCRES	2	2.271	2.213	2.257	0.063	0.1112	1.504	3.003	2	2.271	2.213	2.257	0.063	0.1112	1.504	3.003	2	2.271	2.213	2.257	0.063	0.1112	1.504	3.003	2	2.271	2.213	2.257	0.063	0.1112	1.504	3.003	2	2.271	2.213	2.257	0.063	0.1112	1.504	3.003	2	2.271	2.213	2.257	0.063	0.1112	1.504	3.003	2	2.271	2.213	2.257	0.063	0.1112	1.504	3.003	2	2.271	2.213	2.257	0.063	0.1112	1.504	3.003	2	2.271	2.213	2.257	0.063	0.1112	1.504	3.003
TOPTGE	22	22.95	21.94	22.84	4.091	0.08855	16.58	29	22	22.95	21.94	22.84	4.091	0.08855	16.58	29	22	22.95	21.94	22.84	4.091	0.08855	16.58	29	22	22.95	21.94	22.84	4.091	0.08855	16.58	29	22	22.95	21.94	22.84	4.091	0.08855	16.58	29	22	22.95	21.94	22.84	4.091	0.08855	16.58	29	22	22.95	21.94	22.84	4.091	0.08855	16.58	29	22	22.95	21.94	22.84	4.091	0.08855	16.58	29	22	22.95	21.94	22.84	4.091	0.08855	16.58	29
TRANCO	8	7.778	8.046	8.274	2.697	0.1985	4.03	13.19	8	7.778	8.046	8.274	2.697	0.1985	4.03	13.19	8	7.778	8.046	8.274	2.697	0.1985	4.03	13.19	8	7.778	8.046	8.274	2.697	0.1985	4.03	13.19	8	7.778	8.046	8.274	2.697	0.1985	4.03	13.19	8	7.778	8.046	8.274	2.697	0.1985	4.03	13.19	8	7.778	8.046	8.274	2.697	0.1985	4.03	13.19	8	7.778	8.046	8.274	2.697	0.1985	4.03	13.19	8	7.778	8.046	8.274	2.697	0.1985	4.03	13.19
YG	0.64	0.6047	0.5659	0.6322	0.002428	0.07794	0.5057	0.88	0.64	0.6047	0.5659	0.6322	0.002428	0.07794	0.5057	0.88	0.64	0.6047	0.5659	0.6322	0.002428	0.07794	0.5057	0.88	0.64	0.6047	0.5659	0.6322	0.002428	0.07794	0.5057	0.88	0.64	0.6047	0.5659	0.6322	0.002428	0.07794	0.5057	0.88	0.64	0.6047	0.5659	0.6322	0.002428	0.07794	0.5057	0.88	0.64	0.6047	0.5659	0.6322	0.002428	0.07794	0.5057	0.88	0.64	0.6047	0.5659	0.6322	0.002428	0.07794	0.5057	0.88	0.64	0.6047	0.5659	0.6322	0.002428	0.07794	0.5057	0.88
LAT	-35.61	-35.61	-35.61	-35.61	0	0	-35.61	-35.61	-35.61	-35.61	-35.61	-35.61	0	0	-35.61	-35.61	-35.61	-35.61	-35.61	-35.61	0	0	-35.61	-35.61	-37.77	-37.77	-37.77	-37.77	0	0	-37.77	-37.77	-37.77	-37.77	-37.77	-37.77	0	0	-37.77	-37.77	-37.77	-37.77	-37.77	-37.77	0	0	-37.77	-37.77	-43.64	-43.64	-43.64	-43.64	0	0	-43.64	-43.64	-43.64	-43.64	-43.64	-43.64	0	0	-43.64	-43.64	-43.64	-43.64	-43.64	-43.64	0	0	-43.64	-43.64
WCI	0.3	0.3	0.3	0.3	0	0	0.3	0.3	0.3	0.3	0.3	0.3	0	0	0.3	0.3	0.3	0.3	0.3	0.3	0	0	0.3	0.3	0.3	0.3	0.3	0.3	0	0	0.3	0.3	0.3	0.3	0.3	0.3	0	0	0.3	0.3	0.3	0.3	0.3	0.3	0	0	0.3	0.3	0.3	0.3	0.3	0.3	0	0	0.3	0.3	0.3	0.3	0.3	0.3	0	0	0.3	0.3	0.3	0.3	0.3	0.3	0	0	0.3	0.3
FWCAD	0.05	0.05	0.05	0.05	0	0	0.05	0.05	0.05	0.05	0.05	0.05	0	0	0.05	0.05	0.05	0.05	0.05	0.05	0	0	0.05	0.05	0.05	0.05	0.05	0.05	0	0	0.05	0.05	0.05	0.05	0.05	0.05	0	0	0.05	0.05	0.05	0.05	0.05	0.05	0	0	0.05	0.05	0.05	0.05	0.05	0.05	0	0	0.05	0.05	0.05	0.05	0.05	0.05	0	0	0.05	0.05	0.05	0.05	0.05	0.05	0	0	0.05	0.05
FWCWP	0.4	0.3558	0.3322	0.382	0.0008509	0.07636	0.267	0.486	0.4	0.3558	0.3322	0.382	0.0008509	0.07636	0.267	0.486	0.4	0.3558	0.3322	0.382	0.0008509	0.07636	0.267	0.486	0.4	0.3697	0.3568	0.352	0.000971	0.08852	0.2473	0.5098	0.4	0.3697	0.3568	0.352	0.000971	0.08852	0.2473	0.5098	0.4	0.3697	0.3568	0.352	0.000971	0.08852	0.2473	0.5098	0.4	0.2951	0.2684	0.3012	0.001014	0.1057	0.2087	0.4786	0.4	0.2951	0.2684	0.3012	0.001014	0.1057	0.2087	0.4786	0.4	0.2951	0.2684	0.3012	0.001014	0.1057	0.2087	0.4786
FWCFC	0.65	0.6401	0.6369	0.645	0.0006092	0.03827	0.5737	0.7253	0.65	0.6401	0.6369	0.645	0.0006092	0.03827	0.5737	0.7253	0.65	0.6401	0.6369	0.645	0.0006092	0.03827	0.5737	0.7253	0.65	0.6204	0.6016	0.618	0.0006126	0.04005	0.5562	0.7258	0.65	0.6204	0.6016	0.618	0.0006126	0.04005	0.5562	0.7258	0.65	0.6204	0.6016	0.618	0.0006126	0.04005	0.5562	0.7258	0.65	0.6361	0.6245	0.6351	0.0003718	0.03036	0.5752	0.7111	0.65	0.6361	0.6245	0.6351	0.0003718	0.03036	0.5752	0.7111	0.65	0.6361	0.6245	0.6351	0.0003718	0.03036	0.5752	0.7111
FWCWET	0.95	0.95	0.95	0.95	0	0	0.95	0.95	0.95	0.95	0.95	0.95	0	0	0.95	0.95	0.95	0.95	0.95	0.95	0	0	0.95	0.95	0.95	0.95	0.95	0.95	0	0	0.95	0.95	0.95	0.95	0.95	0.95	0	0	0.95	0.95	0.95	0.95	0.95	0.95	0	0	0.95	0.95	0.95	0.95	0.95	0.95	0	0	0.95	0.95	0.95	0.95	0.95	0.95	0	0	0.95	0.95	0.95	0.95	0.95	0.95	0	0	0.95	0.95
WCST	0.55	0.55	0.55	0.55	0	0	0.55	0.55	0.55	0.55	0.55	0.55	0	0	0.55	0.55	0.55	0.55	0.55	0.55	0	0	0.55	0.55	0.8	0.8	0.8	0.8	0	0	0.8	0.8	0.8	0.8	0.8	0.8	0	0	0.8	0.8	0.8	0.8	0.8	0.8	0	0	0.8	0.8	0.55	0.55	0.55	0.55	0	0	0.55	0.55	0.55	0.55	0.55	0.55	0	0	0.55	0.55	0.55	0.55	0.55	0.55	0	0	0.55	0.55
WpoolMax	50	50	50	50	0	0	50	50	50	50	50	50	0	0	50	50	50	50	50	50	0	0	50	50	50	50	50	50	0	0	50	50	50	50	50	50	0	0	50	50	50	50	50	50	0	0	50	50	50	50	50	50	0	0	50	50	50	50	50	50	0	0	50	50	50	50	50	50	0	0	50	50
Dparam	0.00318	0.00318	0.00318	0.00318	0	0	0.00318	0.00318	0.00318	0.00318	0.00318	0.00318	0	0	0.00318	0.00318	0.00318	0.00318	0.00318	0.00318	0	0	0.00318	0.00318	0.00318	0.00318	0.00318	0.00318	0	0	0.00318	0.00318	0.00318	0.00318	0.00318	0.00318	0	0	0.00318	0.00318	0.00318	0.00318	0.00318	0.00318	0	0	0.00318	0.00318	0.00318	0.00318	0.00318	0.00318	0	0	0.00318	0.00318	0.00318	0.00318	0.00318	0.00318	0	0	0.00318	0.00318	0.00318	0.00318	0.00318	0.00318	0	0	0.00318	0.00318
FGAS	0.4	0.4	0.4	0.4	0	0	0.4	0.4	0.4	0.4	0.4	0.4	0	0	0.4	0.4	0.4	0.4	0.4	0.4	0	0	0.4	0.4	0.4	0.4	0.4	0.4	0	0	0.4	0.4	0.4	0.4	0.4	0.4	0	0	0.4	0.4	0.4	0.4	0.4	0.4	0	0	0.4	0.4	0.4	0.4	0.4	0.4	0	0	0.4	0.4	0.4	0.4	0.4	0.4	0	0	0.4	0.4	0.4	0.4	0.4	0.4	0	0	0.4	0.4
FO2MX	0.21	0.21	0.21	0.21	0	0	0.21	0.21	0.21	0.21	0.21	0.21	0	0	0.21	0.21	0.21	0.21	0.21	0.21	0	0	0.21	0.21	0.21	0.21	0.21	0.21	0	0	0.21	0.21	0.21	0.21	0.21	0.21	0	0	0.21	0.21	0.21	0.21	0.21	0.21	0	0	0.21	0.21	0.21	0.21	0.21	0.21	0	0	0.21	0.21	0.21	0.21	0.21	0.21	0	0	0.21	0.21	0.21	0.21	0.21	0.21	0	0	0.21	0.21
KTSNOW	65	65	65	65	0	0	65	65	65	65	65	65	0	0	65	65	65	65	65	65	0	0	65	65	65	65	65	65	0	0	65	65	65	65	65	65	0	0	65	65	65	65	65	65	0	0	65	65	65	65	65	65	0	0	65	65	65	65	65	65	0	0	65	65	65	65	65	65	0	0	65	65
Hparam	0.005592	0.005592	0.005592	0.005592	0	0	0.005592	0.005592	0.005592	0.005592	0.005592	0.005592	0	0	0.005592	0.005592	0.005592	0.005592	0.005592	0.005592	0	0	0.005592	0.005592	0.005592	0.005592	0.005592	0.005592	0	0	0.005592	0.005592	0.005592	0.005592	0.005592	0.005592	0	0	0.005592	0.005592	0.005592	0.005592	0.005592	0.005592	0	0	0.005592	0.005592	0.005592	0.005592	0.005592	0.005592	0	0	0.005592	0.005592	0.005592	0.005592	0.005592	0.005592	0	0	0.005592	0.005592	0.005592	0.005592	0.005592	0.005592	0	0	0.005592	0.005592
KRDRANAER	0.2	0.2	0.2	0.2	0	0	0.2	0.2	0.2	0.2	0.2	0.2	0	0	0.2	0.2	0.2	0.2	0.2	0.2	0	0	0.2	0.2	0.2	0.2	0.2	0.2	0	0	0.2	0.2	0.2	0.2	0.2	0.2	0	0	0.2	0.2	0.2	0.2	0.2	0.2	0	0	0.2	0.2	0.2	0.2	0.2	0.2	0	0	0.2	0.2	0.2	0.2	0.2	0.2	0	0	0.2	0.2	0.2	0.2	0.2	0.2	0	0	0.2	0.2
KRESPHARD	0.01	0.01473	0.01934	0.01264	2.79e-05	0.4181	0.001384	0.03194	0.01	0.01473	0.01934	0.01264	2.79e-05	0.4181	0.001384	0.03194	0.01	0.01473	0.01934	0.01264	2.79e-05	0.4181	0.001384	0.03194	0.01	0.01473	0.01934	0.01264	2.79e-05	0.4181	0.001384	0.03194	0.01	0.01473	0.01934	0.01264	2.79e-05	0.4181	0.001384	0.03194	0.01	0.01473	0.01934	0.01264	2.79e-05	0.4181	0.001384	0.03194	0.01	0.01473	0.01934	0.01264	2.79e-05	0.4181	0.001384	0.03194	0.01	0.01473	0.01934	0.01264	2.79e-05	0.4181	0.001384	0.03194	0.01	0.01473	0.01934	0.01264	2.79e-05	0.4181	0.001384	0.03194
KRSR3H	1	1	1	1	0	0	1	1	1	1	1	1	0	0	1	1	1	1	1	1	0	0	1	1	1	1	1	1	0	0	1	1	1	1	1	1	0	0	1	1	1	1	1	1	0	0	1	1	1	1	1	1	0	0	1	1	1	1	1	1	0	0	1	1	1	1	1	1	0	0	1	1
KRTOTAER	2	2	2	2	0	0	2	2	2	2	2	2	0	0	2	2	2	2	2	2	0	0	2	2	2	2	2	2	0	0	2	2	2	2	2	2	0	0	2	2	2	2	2	2	0	0	2	2	2	2	2	2	0	0	2	2	2	2	2	2	0	0	2	2	2	2	2	2	0	0	2	2
KSNOW	0.035	0.035	0.035	0.035	0	0	0.035	0.035	0.035	0.035	0.035	0.035	0	0	0.035	0.035	0.035	0.035	0.035	0.035	0	0	0.035	0.035	0.035	0.035	0.035	0.035	0	0	0.035	0.035	0.035	0.035	0.035	0.035	0	0	0.035	0.035	0.035	0.035	0.035	0.035	0	0	0.035	0.035	0.035	0.035	0.035	0.035	0	0	0.035	0.035	0.035	0.035	0.035	0.035	0	0	0.035	0.035	0.035	0.035	0.035	0.035	0	0	0.035	0.035
LAMBDAsoil	172800	172800	172800	172800	0	0	172800	172800	172800	172800	172800	172800	0	0	172800	172800	172800	172800	172800	172800	0	0	172800	172800	172800	172800	172800	172800	0	0	172800	172800	172800	172800	172800	172800	0	0	172800	172800	172800	172800	172800	172800	0	0	172800	172800	172800	172800	172800	172800	0	0	172800	172800	172800	172800	172800	172800	0	0	172800	172800	172800	172800	172800	172800	0	0	172800	172800
LDT50A	1.34	1.34	1.34	1.34	0	0	1.34	1.34	1.34	1.34	1.34	1.34	0	0	1.34	1.34	1.34	1.34	1.34	1.34	0	0	1.34	1.34	1.34	1.34	1.34	1.34	0	0	1.34	1.34	1.34	1.34	1.34	1.34	0	0	1.34	1.34	1.34	1.34	1.34	1.34	0	0	1.34	1.34	1.34	1.34	1.34	1.34	0	0	1.34	1.34	1.34	1.34	1.34	1.34	0	0	1.34	1.34	1.34	1.34	1.34	1.34	0	0	1.34	1.34
LDT50B	-2.113	-2.113	-2.113	-2.113	0	0	-2.113	-2.113	-2.113	-2.113	-2.113	-2.113	0	0	-2.113	-2.113	-2.113	-2.113	-2.113	-2.113	0	0	-2.113	-2.113	-2.113	-2.113	-2.113	-2.113	0	0	-2.113	-2.113	-2.113	-2.113	-2.113	-2.113	0	0	-2.113	-2.113	-2.113	-2.113	-2.113	-2.113	0	0	-2.113	-2.113	-2.113	-2.113	-2.113	-2.113	0	0	-2.113	-2.113	-2.113	-2.113	-2.113	-2.113	0	0	-2.113	-2.113	-2.113	-2.113	-2.113	-2.113	0	0	-2.113	-2.113
LT50MN	-26.68	-26.68	-26.68	-26.68	0	0	-26.68	-26.68	-26.68	-26.68	-26.68	-26.68	0	0	-26.68	-26.68	-26.68	-26.68	-26.68	-26.68	0	0	-26.68	-26.68	-26.68	-26.68	-26.68	-26.68	0	0	-26.68	-26.68	-26.68	-26.68	-26.68	-26.68	0	0	-26.68	-26.68	-26.68	-26.68	-26.68	-26.68	0	0	-26.68	-26.68	-26.68	-26.68	-26.68	-26.68	0	0	-26.68	-26.68	-26.68	-26.68	-26.68	-26.68	0	0	-26.68	-26.68	-26.68	-26.68	-26.68	-26.68	0	0	-26.68	-26.68
LT50MX	-4.789	-4.789	-4.789	-4.789	0	0	-4.789	-4.789	-4.789	-4.789	-4.789	-4.789	0	0	-4.789	-4.789	-4.789	-4.789	-4.789	-4.789	0	0	-4.789	-4.789	-4.789	-4.789	-4.789	-4.789	0	0	-4.789	-4.789	-4.789	-4.789	-4.789	-4.789	0	0	-4.789	-4.789	-4.789	-4.789	-4.789	-4.789	0	0	-4.789	-4.789	-4.789	-4.789	-4.789	-4.789	0	0	-4.789	-4.789	-4.789	-4.789	-4.789	-4.789	0	0	-4.789	-4.789	-4.789	-4.789	-4.789	-4.789	0	0	-4.789	-4.789
RATEDMX	2	2	2	2	0	0	2	2	2	2	2	2	0	0	2	2	2	2	2	2	0	0	2	2	2	2	2	2	0	0	2	2	2	2	2	2	0	0	2	2	2	2	2	2	0	0	2	2	2	2	2	2	0	0	2	2	2	2	2	2	0	0	2	2	2	2	2	2	0	0	2	2
reHardRedDay	145	145	145	145	0	0	145	145	145	145	145	145	0	0	145	145	145	145	145	145	0	0	145	145	145	145	145	145	0	0	145	145	145	145	145	145	0	0	145	145	145	145	145	145	0	0	145	145	145	145	145	145	0	0	145	145	145	145	145	145	0	0	145	145	145	145	145	145	0	0	145	145
RHOnewSnow	100	100	100	100	0	0	100	100	100	100	100	100	0	0	100	100	100	100	100	100	0	0	100	100	100	100	100	100	0	0	100	100	100	100	100	100	0	0	100	100	100	100	100	100	0	0	100	100	100	100	100	100	0	0	100	100	100	100	100	100	0	0	100	100	100	100	100	100	0	0	100	100
RHOpack	0.02	0.02	0.02	0.02	0	0	0.02	0.02	0.02	0.02	0.02	0.02	0	0	0.02	0.02	0.02	0.02	0.02	0.02	0	0	0.02	0.02	0.02	0.02	0.02	0.02	0	0	0.02	0.02	0.02	0.02	0.02	0.02	0	0	0.02	0.02	0.02	0.02	0.02	0.02	0	0	0.02	0.02	0.02	0.02	0.02	0.02	0	0	0.02	0.02	0.02	0.02	0.02	0.02	0	0	0.02	0.02	0.02	0.02	0.02	0.02	0	0	0.02	0.02
SWret	0.1	0.1	0.1	0.1	0	0	0.1	0.1	0.1	0.1	0.1	0.1	0	0	0.1	0.1	0.1	0.1	0.1	0.1	0	0	0.1	0.1	0.1	0.1	0.1	0.1	0	0	0.1	0.1	0.1	0.1	0.1	0.1	0	0	0.1	0.1	0.1	0.1	0.1	0.1	0	0	0.1	0.1	0.1	0.1	0.1	0.1	0	0	0.1	0.1	0.1	0.1	0.1	0.1	0	0	0.1	0.1	0.1	0.1	0.1	0.1	0	0	0.1	0.1
SWrf	0.01	0.01	0.01	0.01	0	0	0.01	0.01	0.01	0.01	0.01	0.01	0	0	0.01	0.01	0.01	0.01	0.01	0.01	0	0	0.01	0.01	0.01	0.01	0.01	0.01	0	0	0.01	0.01	0.01	0.01	0.01	0.01	0	0	0.01	0.01	0.01	0.01	0.01	0.01	0	0	0.01	0.01	0.01	0.01	0.01	0.01	0	0	0.01	0.01	0.01	0.01	0.01	0.01	0	0	0.01	0.01	0.01	0.01	0.01	0.01	0	0	0.01	0.01
THARDMX	14.71	14.71	14.71	14.71	0	0	14.71	14.71	14.71	14.71	14.71	14.71	0	0	14.71	14.71	14.71	14.71	14.71	14.71	0	0	14.71	14.71	14.71	14.71	14.71	14.71	0	0	14.71	14.71	14.71	14.71	14.71	14.71	0	0	14.71	14.71	14.71	14.71	14.71	14.71	0	0	14.71	14.71	14.71	14.71	14.71	14.71	0	0	14.71	14.71	14.71	14.71	14.71	14.71	0	0	14.71	14.71	14.71	14.71	14.71	14.71	0	0	14.71	14.71
TmeltFreeze	0	0	0	0	0	0	0	0	0	0	0	0	0	0	0	0	0	0	0	0	0	0	0	0	0	0	0	0	0	0	0	0	0	0	0	0	0	0	0	0	0	0	0	0	0	0	0	0	0	0	0	0	0	0	0	0	0	0	0	0	0	0	0	0	0	0	0	0	0	0	0	0
TrainSnow	0.01	0.01	0.01	0.01	0	0	0.01	0.01	0.01	0.01	0.01	0.01	0	0	0.01	0.01	0.01	0.01	0.01	0.01	0	0	0.01	0.01	0.01	0.01	0.01	0.01	0	0	0.01	0.01	0.01	0.01	0.01	0.01	0	0	0.01	0.01	0.01	0.01	0.01	0.01	0	0	0.01	0.01	0.01	0.01	0.01	0.01	0	0	0.01	0.01	0.01	0.01	0.01	0.01	0	0	0.01	0.01	0.01	0.01	0.01	0.01	0	0	0.01	0.01
TsurfDiff	0.6228	0.6228	0.6228	0.6228	0	0	0.6228	0.6228	0.6228	0.6228	0.6228	0.6228	0	0	0.6228	0.6228	0.6228	0.6228	0.6228	0.6228	0	0	0.6228	0.6228	0.6228	0.6228	0.6228	0.6228	0	0	0.6228	0.6228	0.6228	0.6228	0.6228	0.6228	0	0	0.6228	0.6228	0.6228	0.6228	0.6228	0.6228	0	0	0.6228	0.6228	0.6228	0.6228	0.6228	0.6228	0	0	0.6228	0.6228	0.6228	0.6228	0.6228	0.6228	0	0	0.6228	0.6228	0.6228	0.6228	0.6228	0.6228	0	0	0.6228	0.6228
KLUETILG	0.5	0.5223	0.4272	0.442	0.02289	0.3423	0.03901	0.8774	0.5	0.5223	0.4272	0.442	0.02289	0.3423	0.03901	0.8774	0.5	0.5223	0.4272	0.442	0.02289	0.3423	0.03901	0.8774	0.5	0.5223	0.4272	0.442	0.02289	0.3423	0.03901	0.8774	0.5	0.5223	0.4272	0.442	0.02289	0.3423	0.03901	0.8774	0.5	0.5223	0.4272	0.442	0.02289	0.3423	0.03901	0.8774	0.5	0.5223	0.4272	0.442	0.02289	0.3423	0.03901	0.8774	0.5	0.5223	0.4272	0.442	0.02289	0.3423	0.03901	0.8774	0.5	0.5223	0.4272	0.442	0.02289	0.3423	0.03901	0.8774
FRTILGG1I	0	0	0	0	0	0	0	0	0	0	0	0	0	0	0	0	0	0	0	0	0	0	0	0	0	0	0	0	0	0	0	0	0	0	0	0	0	0	0	0	0	0	0	0	0	0	0	0	0	0	0	0	0	0	0	0	0	0	0	0	0	0	0	0	0	0	0	0	0	0	0	0
DAYLG1G2	0.575	0.564	0.5607	0.566	2.131e-05	0.008155	0.5535	0.5914	0.575	0.564	0.5607	0.566	2.131e-05	0.008155	0.5535	0.5914	0.575	0.564	0.5607	0.566	2.131e-05	0.008155	0.5535	0.5914	0.575	0.564	0.5607	0.566	2.131e-05	0.008155	0.5535	0.5914	0.575	0.564	0.5607	0.566	2.131e-05	0.008155	0.5535	0.5914	0.575	0.564	0.5607	0.566	2.131e-05	0.008155	0.5535	0.5914	0.575	0.564	0.5607	0.566	2.131e-05	0.008155	0.5535	0.5914	0.575	0.564	0.5607	0.566	2.131e-05	0.008155	0.5535	0.5914	0.575	0.564	0.5607	0.566	2.131e-05	0.008155	0.5535	0.5914
RGRTG1G2	0.6	0.5211	0.5402	0.5212	0.02242	0.2873	0.02105	0.9394	0.6	0.5211	0.5402	0.5212	0.02242	0.2873	0.02105	0.9394	0.6	0.5211	0.5402	0.5212	0.02242	0.2873	0.02105	0.9394	0.6	0.5211	0.5402	0.5212	0.02242	0.2873	0.02105	0.9394	0.6	0.5211	0.5402	0.5212	0.02242	0.2873	0.02105	0.9394	0.6	0.5211	0.5402	0.5212	0.02242	0.2873	0.02105	0.9394	0.6	0.5211	0.5402	0.5212	0.02242	0.2873	0.02105	0.9394	0.6	0.5211	0.5402	0.5212	0.02242	0.2873	0.02105	0.9394	0.6	0.5211	0.5402	0.5212	0.02242	0.2873	0.02105	0.9394
RDRTMIN	0.01	0.007882	0.005506	0.008589	4.923e-06	0.2583	0.001454	0.01627	0.01	0.007882	0.005506	0.008589	4.923e-06	0.2583	0.001454	0.01627	0.01	0.007882	0.005506	0.008589	4.923e-06	0.2583	0.001454	0.01627	0.01	0.007882	0.005506	0.008589	4.923e-06	0.2583	0.001454	0.01627	0.01	0.007882	0.005506	0.008589	4.923e-06	0.2583	0.001454	0.01627	0.01	0.007882	0.005506	0.008589	4.923e-06	0.2583	0.001454	0.01627	0.01	0.007882	0.005506	0.008589	4.923e-06	0.2583	0.001454	0.01627	0.01	0.007882	0.005506	0.008589	4.923e-06	0.2583	0.001454	0.01627	0.01	0.007882	0.005506	0.008589	4.923e-06	0.2583	0.001454	0.01627
TVERN	4	4.439	4.512	4.434	0.2214	0.1061	3.309	6.968	4	4.439	4.512	4.434	0.2214	0.1061	3.309	6.968	4	4.439	4.512	4.434	0.2214	0.1061	3.309	6.968	4	4.439	4.512	4.434	0.2214	0.1061	3.309	6.968	4	4.439	4.512	4.434	0.2214	0.1061	3.309	6.968	4	4.439	4.512	4.434	0.2214	0.1061	3.309	6.968	4	4.439	4.512	4.434	0.2214	0.1061	3.309	6.968	4	4.439	4.512	4.434	0.2214	0.1061	3.309	6.968	4	4.439	4.512	4.434	0.2214	0.1061	3.309	6.968
TVERND	21	22.86	23.05	21.08	4.528	0.101	15.26	27.46	21	22.86	23.05	21.08	4.528	0.101	15.26	27.46	21	22.86	23.05	21.08	4.528	0.101	15.26	27.46	21	22.86	23.05	21.08	4.528	0.101	15.26	27.46	21	22.86	23.05	21.08	4.528	0.101	15.26	27.46	21	22.86	23.05	21.08	4.528	0.101	15.26	27.46	21	22.86	23.05	21.08	4.528	0.101	15.26	27.46	21	22.86	23.05	21.08	4.528	0.101	15.26	27.46	21	22.86	23.05	21.08	4.528	0.101	15.26	27.46
AGEH	932.8	932.8	932.8	932.8	0	0	932.8	932.8	932.8	932.8	932.8	932.8	0	0	932.8	932.8	932.8	932.8	932.8	932.8	0	0	932.8	932.8	932.8	932.8	932.8	932.8	0	0	932.8	932.8	932.8	932.8	932.8	932.8	0	0	932.8	932.8	932.8	932.8	932.8	932.8	0	0	932.8	932.8	932.8	932.8	932.8	932.8	0	0	932.8	932.8	932.8	932.8	932.8	932.8	0	0	932.8	932.8	932.8	932.8	932.8	932.8	0	0	932.8	932.8
KAGE	0.0458	0.0458	0.0458	0.0458	0	0	0.0458	0.0458	0.0458	0.0458	0.0458	0.0458	0	0	0.0458	0.0458	0.0458	0.0458	0.0458	0.0458	0	0	0.0458	0.0458	0.0458	0.0458	0.0458	0.0458	0	0	0.0458	0.0458	0.0458	0.0458	0.0458	0.0458	0	0	0.0458	0.0458	0.0458	0.0458	0.0458	0.0458	0	0	0.0458	0.0458	0.0458	0.0458	0.0458	0.0458	0	0	0.0458	0.0458	0.0458	0.0458	0.0458	0.0458	0	0	0.0458	0.0458	0.0458	0.0458	0.0458	0.0458	0	0	0.0458	0.0458
RDRROOT	0.003	0.00357	0.003319	0.003709	5.663e-07	0.2029	0.001335	0.006302	0.003	0.00357	0.003319	0.003709	5.663e-07	0.2029	0.001335	0.006302	0.003	0.00357	0.003319	0.003709	5.663e-07	0.2029	0.001335	0.006302	0.003	0.00357	0.003319	0.003709	5.663e-07	0.2029	0.001335	0.006302	0.003	0.00357	0.003319	0.003709	5.663e-07	0.2029	0.001335	0.006302	0.003	0.00357	0.003319	0.003709	5.663e-07	0.2029	0.001335	0.006302	0.003	0.00357	0.003319	0.003709	5.663e-07	0.2029	0.001335	0.006302	0.003	0.00357	0.003319	0.003709	5.663e-07	0.2029	0.001335	0.006302	0.003	0.00357	0.003319	0.003709	5.663e-07	0.2029	0.001335	0.006302
DAYLGEA	0.5	0.4391	0.4456	0.464	0.000762	0.0595	0.4014	0.5617	0.5	0.4391	0.4456	0.464	0.000762	0.0595	0.4014	0.5617	0.5	0.4391	0.4456	0.464	0.000762	0.0595	0.4014	0.5617	0.5	0.4391	0.4456	0.464	0.000762	0.0595	0.4014	0.5617	0.5	0.4391	0.4456	0.464	0.000762	0.0595	0.4014	0.5617	0.5	0.4391	0.4456	0.464	0.000762	0.0595	0.4014	0.5617	0.5	0.4391	0.4456	0.464	0.000762	0.0595	0.4014	0.5617	0.5	0.4391	0.4456	0.464	0.000762	0.0595	0.4014	0.5617	0.5	0.4391	0.4456	0.464	0.000762	0.0595	0.4014	0.5617
DAYLRV	0.55	0.5658	0.5574	0.5677	0.0003968	0.03509	0.4706	0.6342	0.55	0.5658	0.5574	0.5677	0.0003968	0.03509	0.4706	0.6342	0.55	0.5658	0.5574	0.5677	0.0003968	0.03509	0.4706	0.6342	0.55	0.5658	0.5574	0.5677	0.0003968	0.03509	0.4706	0.6342	0.55	0.5658	0.5574	0.5677	0.0003968	0.03509	0.4706	0.6342	0.55	0.5658	0.5574	0.5677	0.0003968	0.03509	0.4706	0.6342	0.55	0.5658	0.5574	0.5677	0.0003968	0.03509	0.4706	0.6342	0.55	0.5658	0.5574	0.5677	0.0003968	0.03509	0.4706	0.6342	0.55	0.5658	0.5574	0.5677	0.0003968	0.03509	0.4706	0.6342
FCOCRESMN	0.1	0.301	0.4953	0.3621	0.02399	0.4278	0.1013	0.9011	0.1	0.301	0.4953	0.3621	0.02399	0.4278	0.1013	0.9011	0.1	0.301	0.4953	0.3621	0.02399	0.4278	0.1013	0.9011	0.1	0.301	0.4953	0.3621	0.02399	0.4278	0.1013	0.9011	0.1	0.301	0.4953	0.3621	0.02399	0.4278	0.1013	0.9011	0.1	0.301	0.4953	0.3621	0.02399	0.4278	0.1013	0.9011	0.1	0.301	0.4953	0.3621	0.02399	0.4278	0.1013	0.9011	0.1	0.301	0.4953	0.3621	0.02399	0.4278	0.1013	0.9011	0.1	0.301	0.4953	0.3621	0.02399	0.4278	0.1013	0.9011
KCRT	10	22.06	29.91	21.77	103.9	0.4683	1.562	57.8	10	22.06	29.91	21.77	103.9	0.4683	1.562	57.8	10	22.06	29.91	21.77	103.9	0.4683	1.562	57.8	10	22.06	29.91	21.77	103.9	0.4683	1.562	57.8	10	22.06	29.91	21.77	103.9	0.4683	1.562	57.8	10	22.06	29.91	21.77	103.9	0.4683	1.562	57.8	10	22.06	29.91	21.77	103.9	0.4683	1.562	57.8	10	22.06	29.91	21.77	103.9	0.4683	1.562	57.8	10	22.06	29.91	21.77	103.9	0.4683	1.562	57.8
VERNDI	14	13.63	18.17	12.96	15.01	0.299	0.0139	23.37	14	13.63	18.17	12.96	15.01	0.299	0.0139	23.37	14	13.63	18.17	12.96	15.01	0.299	0.0139	23.37	14	12.83	11.82	14.74	11.72	0.2322	0.9707	26.8	14	12.83	11.82	14.74	11.72	0.2322	0.9707	26.8	14	12.83	11.82	14.74	11.72	0.2322	0.9707	26.8	14	10.49	22.29	13.17	19.62	0.3364	0.6359	25	14	10.49	22.29	13.17	19.62	0.3364	0.6359	25	14	10.49	22.29	13.17	19.62	0.3364	0.6359	25
PERSDRT	0	0	0	0	0	0	0	0	0	0	0	0	0	0	0	0	0	0	0	0	0	0	0	0	0	0	0	0	0	0	0	0	0	0	0	0	0	0	0	0	0	0	0	0	0	0	0	0	0	0	0	0	0	0	0	0	0	0	0	0	0	0	0	0	0	0	0	0	0	0	0	0
PERSDTIL	0	0	0	0	0	0	0	0	0	0	0	0	0	0	0	0	0	0	0	0	0	0	0	0	0	0	0	0	0	0	0	0	0	0	0	0	0	0	0	0	0	0	0	0	0	0	0	0	0	0	0	0	0	0	0	0	0	0	0	0	0	0	0	0	0	0	0	0	0	0	0	0
PERSRES	0	0	0	0	0	0	0	0	0	0	0	0	0	0	0	0	0	0	0	0	0	0	0	0	0	0	0	0	0	0	0	0	0	0	0	0	0	0	0	0	0	0	0	0	0	0	0	0	0	0	0	0	0	0	0	0	0	0	0	0	0	0	0	0	0	0	0	0	0	0	0	0
RDRTILMIN	0.00074	0.0007226	0.001241	0.0009208	6.712e-08	0.2814	0.0002186	0.001722	0.00074	0.0007226	0.001241	0.0009208	6.712e-08	0.2814	0.0002186	0.001722	0.00074	0.0007226	0.001241	0.0009208	6.712e-08	0.2814	0.0002186	0.001722	0.00074	0.0007226	0.001241	0.0009208	6.712e-08	0.2814	0.0002186	0.001722	0.00074	0.0007226	0.001241	0.0009208	6.712e-08	0.2814	0.0002186	0.001722	0.00074	0.0007226	0.001241	0.0009208	6.712e-08	0.2814	0.0002186	0.001722	0.00074	0.0007226	0.001241	0.0009208	6.712e-08	0.2814	0.0002186	0.001722	0.00074	0.0007226	0.001241	0.0009208	6.712e-08	0.2814	0.0002186	0.001722	0.00074	0.0007226	0.001241	0.0009208	6.712e-08	0.2814	0.0002186	0.001722
RDRHARVMAX	0.05	0.05594	0.04039	0.04995	0.0002259	0.3009	0.01554	0.09314	0.05	0.05594	0.04039	0.04995	0.0002259	0.3009	0.01554	0.09314	0.05	0.05594	0.04039	0.04995	0.0002259	0.3009	0.01554	0.09314	0.05	0.05594	0.04039	0.04995	0.0002259	0.3009	0.01554	0.09314	0.05	0.05594	0.04039	0.04995	0.0002259	0.3009	0.01554	0.09314	0.05	0.05594	0.04039	0.04995	0.0002259	0.3009	0.01554	0.09314	0.05	0.05594	0.04039	0.04995	0.0002259	0.3009	0.01554	0.09314	0.05	0.05594	0.04039	0.04995	0.0002259	0.3009	0.01554	0.09314	0.05	0.05594	0.04039	0.04995	0.0002259	0.3009	0.01554	0.09314
FGRESSI	0.5	0.517	0.454	0.4895	0.005055	0.1453	0.2634	0.7174	0.5	0.517	0.454	0.4895	0.005055	0.1453	0.2634	0.7174	0.5	0.517	0.454	0.4895	0.005055	0.1453	0.2634	0.7174	0.5	0.517	0.454	0.4895	0.005055	0.1453	0.2634	0.7174	0.5	0.517	0.454	0.4895	0.005055	0.1453	0.2634	0.7174	0.5	0.517	0.454	0.4895	0.005055	0.1453	0.2634	0.7174	0.5	0.517	0.454	0.4895	0.005055	0.1453	0.2634	0.7174	0.5	0.517	0.454	0.4895	0.005055	0.1453	0.2634	0.7174	0.5	0.517	0.454	0.4895	0.005055	0.1453	0.2634	0.7174
BD	1.2	1.148	1.126	1.182	0.002695	0.04391	1.014	1.368	1.2	1.148	1.126	1.182	0.002695	0.04391	1.014	1.368	1.2	1.148	1.126	1.182	0.002695	0.04391	1.014	1.368	1.2	1.108	1.043	1.175	0.006766	0.06998	0.9676	1.398	1.2	1.108	1.043	1.175	0.006766	0.06998	0.9676	1.398	1.2	1.108	1.043	1.175	0.006766	0.06998	0.9676	1.398	1.2	1.182	1.104	1.162	0.004943	0.0605	0.9648	1.344	1.2	1.182	1.104	1.162	0.004943	0.0605	0.9648	1.344	1.2	1.182	1.104	1.162	0.004943	0.0605	0.9648	1.344
HARVFRD	0.2	0.2608	0.2305	0.2691	0.00133	0.1355	0.1149	0.3801	0.2	0.2608	0.2305	0.2691	0.00133	0.1355	0.1149	0.3801	0.2	0.2608	0.2305	0.2691	0.00133	0.1355	0.1149	0.3801	0.2	0.2608	0.2305	0.2691	0.00133	0.1355	0.1149	0.3801	0.2	0.2608	0.2305	0.2691	0.00133	0.1355	0.1149	0.3801	0.2	0.2608	0.2305	0.2691	0.00133	0.1355	0.1149	0.3801	0.2	0.2608	0.2305	0.2691	0.00133	0.1355	0.1149	0.3801	0.2	0.2608	0.2305	0.2691	0.00133	0.1355	0.1149	0.3801	0.2	0.2608	0.2305	0.2691	0.00133	0.1355	0.1149	0.3801
EBIOMAX	131	131	131	131	0	0	131	131	131	131	131	131	0	0	131	131	131	131	131	131	0	0	131	131	131	131	131	131	0	0	131	131	131	131	131	131	0	0	131	131	131	131	131	131	0	0	131	131	131	131	131	131	0	0	131	131	131	131	131	131	0	0	131	131	131	131	131	131	0	0	131	131
KTIL	1000	1177	1205	1019	112800	0.3296	192.9	1912	1000	1177	1205	1019	112800	0.3296	192.9	1912	1000	1177	1205	1019	112800	0.3296	192.9	1912	1000	1177	1205	1019	112800	0.3296	192.9	1912	1000	1177	1205	1019	112800	0.3296	192.9	1912	1000	1177	1205	1019	112800	0.3296	192.9	1912	1000	1177	1205	1019	112800	0.3296	192.9	1912	1000	1177	1205	1019	112800	0.3296	192.9	1912	1000	1177	1205	1019	112800	0.3296	192.9	1912
RDRWMAX	0.01	0.009173	0.01015	0.009627	5.905e-06	0.2524	0.001425	0.02466	0.01	0.009173	0.01015	0.009627	5.905e-06	0.2524	0.001425	0.02466	0.01	0.009173	0.01015	0.009627	5.905e-06	0.2524	0.001425	0.02466	0.01	0.009173	0.01015	0.009627	5.905e-06	0.2524	0.001425	0.02466	0.01	0.009173	0.01015	0.009627	5.905e-06	0.2524	0.001425	0.02466	0.01	0.009173	0.01015	0.009627	5.905e-06	0.2524	0.001425	0.02466	0.01	0.009173	0.01015	0.009627	5.905e-06	0.2524	0.001425	0.02466	0.01	0.009173	0.01015	0.009627	5.905e-06	0.2524	0.001425	0.02466	0.01	0.009173	0.01015	0.009627	5.905e-06	0.2524	0.001425	0.02466
BASALI	0.9	0.8253	0.7736	0.8556	0.003367	0.06782	0.6579	0.995	0.9	0.8253	0.7736	0.8556	0.003367	0.06782	0.6579	0.995	0.9	0.8253	0.7736	0.8556	0.003367	0.06782	0.6579	0.995	0.9	0.8173	0.7861	0.8421	0.004088	0.07593	0.6634	0.9967	0.9	0.8173	0.7861	0.8421	0.004088	0.07593	0.6634	0.9967	0.9	0.8173	0.7861	0.8421	0.004088	0.07593	0.6634	0.9967	0.9	0.9257	0.9435	0.9068	0.001476	0.04236	0.7528	0.999	0.9	0.9257	0.9435	0.9068	0.001476	0.04236	0.7528	0.999	0.9	0.9257	0.9435	0.9068	0.001476	0.04236	0.7528	0.999
ABASAL	0.001	0.0009681	0.001172	0.001079	8.048e-08	0.2629	0.0002741	0.001897	0.001	0.0009681	0.001172	0.001079	8.048e-08	0.2629	0.0002741	0.001897	0.001	0.0009681	0.001172	0.001079	8.048e-08	0.2629	0.0002741	0.001897	0.001	0.0009681	0.001172	0.001079	8.048e-08	0.2629	0.0002741	0.001897	0.001	0.0009681	0.001172	0.001079	8.048e-08	0.2629	0.0002741	0.001897	0.001	0.0009681	0.001172	0.001079	8.048e-08	0.2629	0.0002741	0.001897	0.001	0.0009681	0.001172	0.001079	8.048e-08	0.2629	0.0002741	0.001897	0.001	0.0009681	0.001172	0.001079	8.048e-08	0.2629	0.0002741	0.001897	0.001	0.0009681	0.001172	0.001079	8.048e-08	0.2629	0.0002741	0.001897
TVERNDMN	7	6.403	7.012	6.995	3.883	0.2817	0.7115	11.33	7	6.403	7.012	6.995	3.883	0.2817	0.7115	11.33	7	6.403	7.012	6.995	3.883	0.2817	0.7115	11.33	7	6.403	7.012	6.995	3.883	0.2817	0.7115	11.33	7	6.403	7.012	6.995	3.883	0.2817	0.7115	11.33	7	6.403	7.012	6.995	3.883	0.2817	0.7115	11.33	7	6.403	7.012	6.995	3.883	0.2817	0.7115	11.33	7	6.403	7.012	6.995	3.883	0.2817	0.7115	11.33	7	6.403	7.012	6.995	3.883	0.2817	0.7115	11.33
