# # # # # # # # # # # # # # # # # # # # # # # # # 
## MCMC chain summary ## 
# # # # # # # # # # # # # # # # # # # # # # # # # 
 
# MCMC sampler:  DREAMzs 
# Nr. Chains:  9 
# Iterations per chain:  8000 
# Rejection rate:  0.995 
# Effective sample size:  63 
# Runtime:  215.54  sec. 
 
# Parameters
             psf    MAP   2.5% median  97.5%
LOG10CLVI  1.198  0.874  0.737  0.930  1.131
LOG10CRESI 1.685  1.778  0.237  1.199  1.846
LOG10CRTI  1.385  1.119  0.909  1.210  1.367
LOG10LAII  1.443 -0.778 -1.637 -1.044 -0.262
TILTOTI    1.604  0.567  0.362  1.006  1.546
AGEH       1.734  0.683  0.509  0.777  1.307
CLAIV      1.883  1.344  0.671  1.109  1.411
COCRESMX   1.565  1.369  0.339  1.258  1.670
CSTAVM     1.540  0.787  0.273  0.741  1.539
DAYLB      1.646  0.754  0.187  0.771  1.159
DAYLG1G2   1.489  0.980  0.888  0.968  1.032
DAYLGEA    1.504  1.301  0.114  0.697  1.730
DAYLP      1.750  1.074  0.517  0.876  1.370
DAYLRV     1.274  0.790  0.691  0.765  0.991
DLMXGE     1.553  0.992  0.750  0.952  1.161
FCOCRESMN  2.300  0.576  0.046  1.118  1.972
FSLAMIN    1.456  0.971  0.730  0.950  1.210
FWCFC      1.492  1.032  0.847  1.017  1.190
FWCWP      1.447  1.073  0.700  1.146  1.495
HAGERE     1.563  1.133  0.908  1.060  1.173
KAGE       1.178  0.853  0.161  0.751  1.474
KCRT       1.520  1.160  0.488  0.976  1.575
KLAI       1.165  1.012  0.683  1.030  1.262
KLUETILG   1.105  0.859  0.206  1.136  1.930
KRESPHARD  1.079  0.338  0.154  0.731  1.545
LAICR      4.966  0.489  0.408  0.485  1.119
LAIEFT     2.217  0.636  0.515  0.807  1.196
LAITIL     1.624  0.943  0.779  1.005  1.244
LFWIDG     1.432  1.317  0.484  0.934  1.425
LFWIDV     1.795  0.627  0.257  0.573  1.039
LSHAPE     1.767  0.897  0.495  0.949  1.562
NELLVM     1.151  0.664  0.541  0.718  1.056
PHENCR     1.659  0.836  0.443  0.938  1.524
PHY        1.766  1.319  0.808  1.205  1.553
RDRROOT    1.370  0.465  0.218  0.498  1.058
RDRSCO     1.918  1.109  0.182  0.773  1.173
RDRSMX     1.498  1.268  0.511  1.043  1.552
RDRTEM     1.539  1.035  0.462  1.037  1.490
RDRTMIN    1.514  1.136  0.077  0.805  1.631
RGENMX     1.539  0.917  0.431  0.940  1.631
RGRTG1G2   1.522  1.214  0.231  1.117  1.760
ROOTDM     1.809  0.962  0.380  0.962  1.542
RRDMAX     1.384  0.813  0.241  0.960  1.622
RUBISC     1.962  0.786  0.328  0.807  1.153
SIMAX1T    1.383  1.013  0.652  1.068  1.368
SLAMAX     2.160  1.231  0.895  1.134  1.292
TBASE      1.284  1.184  0.622  1.044  1.394
TCRES      1.219  0.833  0.512  0.810  1.177
TOPTGE     1.694  1.069  0.802  1.030  1.215
TRANCO     1.183  0.593  0.419  0.786  1.408
TVERN      1.511  1.069  0.588  0.998  1.387
TVERND     1.466  0.953  0.693  0.977  1.256
YG         1.865  0.877  0.775  0.962  1.208
WCST       1.340  0.948  0.790  0.972  1.151

## DIC:  785.856 
## Convergence 
 Gelman Rubin multivariate psrf:  9.761 
 
## Correlations 
           LOG10CLVI LOG10CRESI LOG10CRTI LOG10LAII TILTOTI   AGEH  CLAIV COCRESMX CSTAVM  DAYLB DAYLG1G2
LOG10CLVI      1.000     -0.141    -0.049     0.058   0.143 -0.095  0.054   -0.154  0.237 -0.022    0.022
LOG10CRESI    -0.141      1.000     0.075    -0.091  -0.017  0.119 -0.021   -0.004 -0.019 -0.021   -0.271
LOG10CRTI     -0.049      0.075     1.000    -0.168   0.100  0.257 -0.101   -0.083  0.001  0.015    0.135
LOG10LAII      0.058     -0.091    -0.168     1.000  -0.086 -0.039  0.152   -0.221  0.042 -0.294    0.192
TILTOTI        0.143     -0.017     0.100    -0.086   1.000 -0.155 -0.110    0.019 -0.006 -0.217    0.050
AGEH          -0.095      0.119     0.257    -0.039  -0.155  1.000 -0.213    0.047  0.025  0.121   -0.003
CLAIV          0.054     -0.021    -0.101     0.152  -0.110 -0.213  1.000    0.041  0.276 -0.190   -0.005
COCRESMX      -0.154     -0.004    -0.083    -0.221   0.019  0.047  0.041    1.000  0.190 -0.082   -0.006
CSTAVM         0.237     -0.019     0.001     0.042  -0.006  0.025  0.276    0.190  1.000 -0.157   -0.172
DAYLB         -0.022     -0.021     0.015    -0.294  -0.217  0.121 -0.190   -0.082 -0.157  1.000   -0.037
DAYLG1G2       0.022     -0.271     0.135     0.192   0.050 -0.003 -0.005   -0.006 -0.172 -0.037    1.000
DAYLGEA        0.035     -0.127    -0.052     0.107   0.059 -0.215 -0.048   -0.100 -0.072  0.065    0.149
DAYLP          0.023      0.078    -0.098     0.109   0.280  0.064 -0.066    0.130  0.047 -0.052    0.117
DAYLRV         0.100      0.064    -0.198    -0.067  -0.065 -0.010 -0.179   -0.002  0.043 -0.104   -0.014
DLMXGE         0.038     -0.057     0.002    -0.046   0.199 -0.123  0.082   -0.032  0.053 -0.167   -0.213
FCOCRESMN     -0.188      0.028    -0.051    -0.294   0.128 -0.057 -0.443    0.097 -0.061  0.400   -0.072
FSLAMIN        0.166      0.079    -0.057    -0.211   0.058 -0.035  0.318    0.210  0.239  0.038   -0.074
FWCFC         -0.129     -0.093     0.041    -0.035  -0.091  0.114 -0.103   -0.119 -0.036  0.274   -0.001
           DAYLGEA  DAYLP DAYLRV DLMXGE FCOCRESMN FSLAMIN  FWCFC  FWCWP HAGERE   KAGE   KCRT   KLAI
LOG10CLVI    0.035  0.023  0.100  0.038    -0.188   0.166 -0.129 -0.143 -0.024 -0.030 -0.140 -0.064
LOG10CRESI  -0.127  0.078  0.064 -0.057     0.028   0.079 -0.093  0.005 -0.162 -0.064  0.219  0.022
LOG10CRTI   -0.052 -0.098 -0.198  0.002    -0.051  -0.057  0.041  0.094 -0.255 -0.007  0.056 -0.024
LOG10LAII    0.107  0.109 -0.067 -0.046    -0.294  -0.211 -0.035 -0.196  0.020 -0.097 -0.010  0.090
TILTOTI      0.059  0.280 -0.065  0.199     0.128   0.058 -0.091 -0.054  0.147 -0.012  0.180 -0.163
AGEH        -0.215  0.064 -0.010 -0.123    -0.057  -0.035  0.114  0.145 -0.170  0.020 -0.072 -0.006
CLAIV       -0.048 -0.066 -0.179  0.082    -0.443   0.318 -0.103 -0.004  0.019  0.192  0.284 -0.038
COCRESMX    -0.100  0.130 -0.002 -0.032     0.097   0.210 -0.119  0.091  0.044  0.117  0.346  0.114
CSTAVM      -0.072  0.047  0.043  0.053    -0.061   0.239 -0.036  0.092  0.131  0.041  0.189  0.119
DAYLB        0.065 -0.052 -0.104 -0.167     0.400   0.038  0.274  0.227 -0.079  0.044 -0.067 -0.110
DAYLG1G2     0.149  0.117 -0.014 -0.213    -0.072  -0.074 -0.001 -0.082 -0.116 -0.048 -0.059 -0.042
DAYLGEA      1.000  0.311 -0.045  0.094    -0.047  -0.310  0.110  0.077  0.247  0.063 -0.077  0.222
DAYLP        0.311  1.000 -0.059  0.145     0.108  -0.208  0.039  0.107  0.061 -0.041  0.025  0.071
DAYLRV      -0.045 -0.059  1.000 -0.109    -0.068   0.033 -0.068 -0.234  0.170  0.059 -0.138 -0.034
DLMXGE       0.094  0.145 -0.109  1.000    -0.122  -0.056  0.065  0.153  0.037  0.126 -0.080  0.205
FCOCRESMN   -0.047  0.108 -0.068 -0.122     1.000  -0.178  0.183  0.201  0.141 -0.115  0.057 -0.059
FSLAMIN     -0.310 -0.208  0.033 -0.056    -0.178   1.000 -0.084  0.007 -0.109  0.256  0.282 -0.157
FWCFC        0.110  0.039 -0.068  0.065     0.183  -0.084  1.000  0.252  0.034 -0.069 -0.285 -0.043
           KLUETILG KRESPHARD  LAICR LAIEFT LAITIL LFWIDG LFWIDV LSHAPE NELLVM PHENCR    PHY RDRROOT RDRSCO
LOG10CLVI     0.089    -0.031  0.104 -0.018  0.097  0.107 -0.042  0.123  0.048 -0.022  0.079  -0.001 -0.058
LOG10CRESI   -0.104     0.057 -0.049  0.024 -0.331 -0.054 -0.032 -0.171  0.012 -0.175  0.294  -0.078  0.045
LOG10CRTI     0.143    -0.071 -0.073  0.008 -0.223 -0.210  0.175 -0.074  0.191 -0.133 -0.100  -0.108  0.101
LOG10LAII    -0.023    -0.133 -0.358 -0.147  0.019  0.119  0.031  0.042 -0.098 -0.061 -0.187  -0.155  0.212
TILTOTI      -0.001     0.188  0.159 -0.028 -0.041 -0.151 -0.144  0.130  0.180  0.218  0.094   0.111 -0.252
AGEH          0.048    -0.027 -0.222  0.161 -0.014  0.018  0.159 -0.092  0.086 -0.007 -0.263  -0.014 -0.009
CLAIV         0.404    -0.288 -0.403 -0.177  0.088  0.028 -0.482  0.326 -0.227  0.018  0.131  -0.075  0.370
COCRESMX     -0.056    -0.133  0.115 -0.087  0.276  0.179 -0.153  0.286 -0.138  0.137  0.000  -0.065  0.105
CSTAVM        0.115    -0.020  0.002  0.104  0.183 -0.009 -0.339  0.292 -0.151  0.148  0.102   0.026  0.093
DAYLB        -0.088    -0.036  0.158  0.172 -0.144 -0.214  0.166 -0.164 -0.009  0.058  0.000   0.054  0.024
DAYLG1G2      0.024    -0.235 -0.080 -0.164  0.091 -0.148  0.099  0.162 -0.120 -0.042 -0.214   0.018  0.147
DAYLGEA      -0.238     0.153  0.129 -0.136 -0.207  0.021  0.063  0.070 -0.067 -0.037  0.023   0.134  0.028
DAYLP        -0.255     0.081  0.115 -0.244 -0.030  0.025  0.160 -0.094 -0.046  0.073  0.081  -0.074  0.020
DAYLRV       -0.244     0.209  0.190  0.046  0.220  0.160  0.057  0.007  0.044  0.042  0.105   0.120 -0.290
DLMXGE        0.094     0.130 -0.015 -0.226  0.341 -0.011  0.047 -0.227  0.258 -0.012  0.029  -0.058  0.063
FCOCRESMN    -0.266     0.094  0.607  0.257 -0.137 -0.233  0.065 -0.114 -0.017  0.224 -0.012   0.072 -0.387
FSLAMIN       0.254    -0.233 -0.121  0.281  0.234 -0.080 -0.366  0.398 -0.067  0.045  0.195  -0.070  0.098
FWCFC         0.160     0.013 -0.074 -0.102  0.105 -0.197 -0.029 -0.136  0.095 -0.016 -0.159  -0.102  0.120
           RDRSMX RDRTEM RDRTMIN RGENMX RGRTG1G2 ROOTDM RRDMAX RUBISC SIMAX1T SLAMAX  TBASE  TCRES TOPTGE
LOG10CLVI  -0.005  0.056  -0.073 -0.010    0.071  0.041 -0.132 -0.149   0.125 -0.129  0.001  0.007  0.171
LOG10CRESI  0.011 -0.078   0.267 -0.032   -0.262  0.189  0.230  0.195   0.160 -0.075 -0.017 -0.077  0.113
LOG10CRTI   0.106  0.137   0.099  0.009   -0.151 -0.204  0.227  0.332   0.160 -0.102  0.095 -0.150  0.092
LOG10LAII   0.125 -0.049   0.039 -0.239    0.249  0.105 -0.139 -0.156   0.011  0.266  0.004  0.080  0.095
TILTOTI    -0.040 -0.119  -0.197  0.000   -0.058  0.272 -0.149 -0.080   0.070 -0.227  0.031 -0.136  0.000
AGEH        0.151  0.160   0.183  0.037   -0.220 -0.105  0.215  0.126   0.060  0.128  0.052  0.070  0.192
CLAIV       0.135 -0.163  -0.136 -0.232    0.377  0.126 -0.228 -0.317   0.290  0.324 -0.402 -0.308  0.252
COCRESMX    0.109 -0.116  -0.007 -0.123    0.091 -0.075 -0.092 -0.148  -0.126 -0.270 -0.349 -0.191  0.120
CSTAVM     -0.049  0.067  -0.091 -0.067    0.229 -0.096 -0.166 -0.036  -0.007 -0.075 -0.187 -0.144  0.194
DAYLB      -0.199  0.188  -0.025  0.287   -0.239 -0.262  0.276  0.273   0.166 -0.136  0.019 -0.064  0.022
DAYLG1G2    0.232 -0.090  -0.068 -0.218    0.242  0.026 -0.103 -0.267  -0.012 -0.096  0.013 -0.124 -0.020
DAYLGEA     0.130  0.107   0.140  0.377    0.075 -0.021  0.066  0.120  -0.160  0.067  0.271 -0.026  0.056
DAYLP       0.080 -0.167  -0.066  0.126   -0.100  0.187 -0.082 -0.086  -0.039 -0.028 -0.009 -0.047  0.082
DAYLRV     -0.084  0.014  -0.045 -0.098    0.068  0.041 -0.170 -0.207  -0.284 -0.116 -0.029  0.090 -0.213
DLMXGE     -0.117 -0.072   0.054  0.303    0.135 -0.173 -0.173  0.141  -0.010  0.196  0.027  0.188 -0.044
FCOCRESMN  -0.288  0.063  -0.145  0.121   -0.287 -0.186  0.088  0.135  -0.076 -0.508  0.110 -0.029 -0.305
FSLAMIN    -0.285  0.140   0.058 -0.123    0.038  0.040 -0.139 -0.215   0.240 -0.099 -0.391 -0.079  0.342
FWCFC      -0.207  0.295   0.095  0.281   -0.008 -0.395  0.129  0.272  -0.058  0.120 -0.001  0.064  0.123
           TRANCO  TVERN TVERND     YG   WCST
LOG10CLVI   0.029  0.145 -0.291 -0.032 -0.090
LOG10CRESI -0.184 -0.396  0.217 -0.091  0.215
LOG10CRTI  -0.066 -0.021  0.047 -0.011  0.099
LOG10LAII  -0.051  0.093 -0.055 -0.088 -0.132
TILTOTI     0.209 -0.167 -0.121  0.037  0.067
AGEH       -0.001 -0.048  0.242 -0.039 -0.095
CLAIV       0.121  0.213 -0.026  0.098 -0.080
COCRESMX    0.064 -0.009  0.055  0.142 -0.118
CSTAVM      0.118 -0.075 -0.044  0.035 -0.095
DAYLB       0.066  0.029  0.048  0.088  0.112
DAYLG1G2   -0.002  0.272  0.058  0.242 -0.219
DAYLGEA    -0.139 -0.073 -0.150  0.111 -0.183
DAYLP       0.106 -0.345 -0.195  0.093 -0.108
DAYLRV     -0.205 -0.086 -0.028 -0.065 -0.014
DLMXGE      0.202 -0.086 -0.151 -0.136  0.314
FCOCRESMN  -0.070 -0.229 -0.024  0.318  0.057
FSLAMIN     0.382  0.005  0.196 -0.094 -0.002
FWCFC       0.125  0.049  0.191  0.198 -0.117
 [ reached getOption("max.print") -- omitted 36 rows ]
