# # # # # # # # # # # # # # # # # # # # # # # # # 
## MCMC chain summary ## 
# # # # # # # # # # # # # # # # # # # # # # # # # 
 
# MCMC sampler:  DREAMzs 
# Nr. Chains:  9 
# Iterations per chain:  8000 
# Rejection rate:  0.991 
# Effective sample size:  71 
# Runtime:  281.4  sec. 
 
# Parameters
             psf    MAP   2.5% median  97.5%
LOG10CLVI  1.118  1.047  0.793  1.007  1.204
LOG10CRESI 1.327  1.156  0.261  0.967  1.623
LOG10CRTI  1.412  1.034  0.620  0.892  1.200
LOG10LAII  1.216 -0.800 -1.636 -1.089 -0.328
TILTOTI    1.436  1.251  0.315  0.810  1.360
AGEH       1.725  0.811  0.530  0.691  0.976
CLAIV      1.146  1.037  0.376  0.866  1.274
COCRESMX   1.258  1.533  0.900  1.414  1.681
CSTAVM     1.313  0.662  0.463  0.832  1.428
DAYLB      1.274  1.458  0.641  1.363  1.902
DAYLG1G2   1.559  1.015  0.936  0.995  1.049
DAYLGEA    1.091  1.025  0.855  1.033  1.125
DAYLP      1.298  0.843  0.708  0.863  1.161
DAYLRV     1.244  1.072  0.922  1.081  1.181
DLMXGE     1.372  0.861  0.723  0.880  1.036
FCOCRESMN  1.264  0.354  0.200  0.653  1.758
FSLAMIN    1.118  1.023  0.707  1.019  1.244
FSMAX      1.343  1.060  0.912  0.993  1.095
FWCFC      1.526  0.953  0.921  0.997  1.093
FWCWP      1.264  1.410  1.001  1.334  1.551
HAGERE     1.262  1.049  0.893  1.024  1.162
KCRT       1.558  0.776  0.158  0.499  1.216
KLAI       1.212  0.922  0.666  0.917  1.242
KLUETILG   1.090  0.673  0.513  1.239  1.849
KRESPHARD  1.164  0.551  0.183  0.745  1.447
LAICR      1.156  0.833  0.755  0.847  1.059
LAIEFT     1.288  1.057  0.749  1.106  1.413
LAITIL     1.436  1.059  0.836  1.008  1.184
LFWIDG     1.279  0.347  0.194  0.433  0.900
LFWIDV     1.241  0.365  0.204  0.361  0.701
LSHAPE     1.833  0.774  0.689  1.187  1.530
NELLVM     1.325  0.774  0.526  0.691  0.973
PERSDRT    1.172 -0.263 -0.707 -0.050  0.527
PERSGTIL   1.401 -0.781 -0.799 -0.279  0.711
PERSRES    1.493 -0.798 -0.923 -0.654 -0.077
PHENCR     1.318  0.852  0.495  0.980  1.470
PHY        1.294  1.400  0.931  1.252  1.561
RDRROOT    1.198  0.586  0.242  0.558  1.073
RDRSCO     1.311  0.884  0.348  0.947  1.293
RDRSMX     1.635  0.923  0.511  0.938  1.266
RDRTEM     1.149  1.008  0.604  1.078  1.419
RDRTMIN    1.571  0.632  0.220  0.912  1.545
RGENMX     1.270  0.345  0.184  0.553  1.493
RGRTG1G2   1.277  1.094  0.395  1.093  1.781
ROOTDM     1.202  1.346  0.680  1.235  1.557
RUBISC     1.168  0.846  0.484  0.810  1.288
SIMAX1T    1.476  0.970  0.678  0.935  1.271
SLAMAX     1.386  1.133  0.997  1.205  1.294
TBASE      1.281  1.172  0.736  1.078  1.404
TCRES      1.168  0.567  0.433  0.730  1.167
TOPTGE     1.327  1.118  0.806  1.014  1.244
TRANCO     1.185  0.631  0.431  0.713  1.167
TVERN      1.343  0.951  0.610  0.891  1.215
TVERND     1.290  0.927  0.804  0.988  1.194
VERNDI     1.845  0.555  0.068  0.880  1.909
YG         1.387  0.869  0.775  0.932  1.089
WCST       1.394  0.837  0.743  0.807  0.889

## DIC:  1792.543 
## Convergence 
 Gelman Rubin multivariate psrf:  6.528 
 
## Correlations 
           LOG10CLVI LOG10CRESI LOG10CRTI LOG10LAII TILTOTI   AGEH  CLAIV COCRESMX CSTAVM  DAYLB DAYLG1G2
LOG10CLVI      1.000     -0.081     0.138     0.142  -0.157 -0.076  0.083    0.087 -0.068 -0.010   -0.125
LOG10CRESI    -0.081      1.000    -0.111    -0.042   0.314 -0.319  0.133   -0.051  0.091 -0.013    0.291
LOG10CRTI      0.138     -0.111     1.000     0.144  -0.209  0.111 -0.062   -0.025  0.002  0.036   -0.133
LOG10LAII      0.142     -0.042     0.144     1.000  -0.162 -0.118  0.185    0.092  0.093  0.020   -0.109
TILTOTI       -0.157      0.314    -0.209    -0.162   1.000 -0.262  0.017    0.006 -0.112 -0.083    0.135
AGEH          -0.076     -0.319     0.111    -0.118  -0.262  1.000 -0.195    0.013 -0.033  0.076   -0.021
CLAIV          0.083      0.133    -0.062     0.185   0.017 -0.195  1.000    0.108 -0.244 -0.079    0.080
COCRESMX       0.087     -0.051    -0.025     0.092   0.006  0.013  0.108    1.000 -0.122  0.173   -0.019
CSTAVM        -0.068      0.091     0.002     0.093  -0.112 -0.033 -0.244   -0.122  1.000 -0.125   -0.037
DAYLB         -0.010     -0.013     0.036     0.020  -0.083  0.076 -0.079    0.173 -0.125  1.000    0.210
DAYLG1G2      -0.125      0.291    -0.133    -0.109   0.135 -0.021  0.080   -0.019 -0.037  0.210    1.000
DAYLGEA       -0.076     -0.118    -0.203     0.008  -0.030  0.053  0.011    0.024  0.295  0.012   -0.192
DAYLP          0.351     -0.106     0.018     0.028  -0.207 -0.020 -0.121   -0.101  0.299 -0.216   -0.266
DAYLRV        -0.191      0.321    -0.337    -0.053   0.354 -0.264  0.212   -0.002 -0.057  0.092    0.325
DLMXGE         0.122      0.081    -0.007     0.074   0.053 -0.220  0.175    0.061 -0.027 -0.090   -0.042
FCOCRESMN      0.049      0.006     0.204     0.216  -0.182 -0.021 -0.085   -0.237  0.255 -0.202   -0.030
FSLAMIN       -0.293     -0.006    -0.274     0.018   0.005  0.108  0.005    0.303 -0.008  0.126   -0.012
           DAYLGEA  DAYLP DAYLRV DLMXGE FCOCRESMN FSLAMIN  FSMAX  FWCFC  FWCWP HAGERE   KCRT   KLAI
LOG10CLVI   -0.076  0.351 -0.191  0.122     0.049  -0.293 -0.097  0.214 -0.007  0.144  0.128 -0.091
LOG10CRESI  -0.118 -0.106  0.321  0.081     0.006  -0.006  0.072  0.060 -0.156 -0.170 -0.089 -0.175
LOG10CRTI   -0.203  0.018 -0.337 -0.007     0.204  -0.274 -0.205  0.176 -0.077 -0.046  0.292 -0.042
LOG10LAII    0.008  0.028 -0.053  0.074     0.216   0.018 -0.031  0.122 -0.250  0.148  0.090 -0.021
TILTOTI     -0.030 -0.207  0.354  0.053    -0.182   0.005  0.237 -0.021 -0.053 -0.096 -0.319  0.066
AGEH         0.053 -0.020 -0.264 -0.220    -0.021   0.108  0.046 -0.252  0.395 -0.013  0.164  0.012
CLAIV        0.011 -0.121  0.212  0.175    -0.085   0.005  0.029  0.002 -0.067 -0.175  0.152  0.046
COCRESMX     0.024 -0.101 -0.002  0.061    -0.237   0.303  0.202 -0.106  0.022  0.041 -0.067  0.171
CSTAVM       0.295  0.299 -0.057 -0.027     0.255  -0.008 -0.113  0.297 -0.150  0.226  0.019 -0.051
DAYLB        0.012 -0.216  0.092 -0.090    -0.202   0.126  0.075 -0.165  0.009  0.072  0.155  0.115
DAYLG1G2    -0.192 -0.266  0.325 -0.042    -0.030  -0.012  0.229 -0.153  0.065 -0.142 -0.172  0.101
DAYLGEA      1.000  0.290  0.096  0.098     0.270   0.127 -0.014  0.081 -0.086  0.207 -0.188  0.193
DAYLP        0.290  1.000 -0.164  0.032     0.364  -0.119  0.021  0.263 -0.071  0.226  0.037 -0.129
DAYLRV       0.096 -0.164  1.000 -0.087    -0.154   0.081  0.192 -0.200 -0.071  0.023 -0.152  0.153
DLMXGE       0.098  0.032 -0.087  1.000     0.077   0.044 -0.184  0.168 -0.014  0.043 -0.190 -0.032
FCOCRESMN    0.270  0.364 -0.154  0.077     1.000  -0.276 -0.178  0.395 -0.299  0.316 -0.150  0.021
FSLAMIN      0.127 -0.119  0.081  0.044    -0.276   1.000  0.048 -0.194  0.068 -0.070 -0.033  0.179
           KLUETILG KRESPHARD  LAICR LAIEFT LAITIL LFWIDG LFWIDV LSHAPE NELLVM PERSDRT PERSGTIL PERSRES
LOG10CLVI    -0.221    -0.284  0.247 -0.060 -0.096  0.000 -0.123 -0.003  0.074   0.061   -0.154   0.108
LOG10CRESI    0.003    -0.244 -0.150 -0.047  0.021  0.136 -0.080  0.195  0.006  -0.110    0.065  -0.004
LOG10CRTI    -0.289    -0.047  0.100  0.031  0.069  0.155  0.180 -0.159  0.209  -0.018    0.005   0.155
LOG10LAII     0.017    -0.076  0.080  0.067 -0.065 -0.081  0.025 -0.163  0.055  -0.043   -0.174   0.240
TILTOTI       0.062    -0.053 -0.192 -0.013 -0.122  0.042 -0.141  0.044  0.109  -0.059   -0.193  -0.082
AGEH          0.068     0.249 -0.084  0.073  0.100 -0.006  0.390 -0.379  0.000  -0.222    0.108  -0.311
CLAIV        -0.062     0.014 -0.088 -0.152  0.082  0.024 -0.057  0.064  0.057   0.143   -0.116   0.034
COCRESMX     -0.088     0.164  0.017  0.057  0.221 -0.130  0.023 -0.161 -0.149   0.019   -0.044   0.016
CSTAVM        0.067     0.061 -0.003  0.183 -0.104  0.185  0.222 -0.110  0.012  -0.239    0.088   0.114
DAYLB        -0.105     0.072  0.056  0.099  0.175 -0.132 -0.097  0.014 -0.296   0.008    0.057  -0.239
DAYLG1G2      0.088    -0.204  0.077  0.001  0.054  0.000 -0.061  0.246 -0.290  -0.105   -0.093  -0.032
DAYLGEA       0.143     0.231 -0.304 -0.033 -0.200 -0.014  0.079 -0.153 -0.129  -0.080   -0.055   0.000
DAYLP        -0.090    -0.007 -0.052  0.067 -0.284 -0.085 -0.064 -0.020  0.047  -0.146    0.034   0.084
DAYLRV        0.160     0.097 -0.184 -0.035 -0.087 -0.119 -0.284  0.318 -0.191   0.019   -0.085  -0.104
DLMXGE       -0.048    -0.209  0.100 -0.098  0.039  0.031  0.018 -0.017  0.120   0.266   -0.068   0.218
FCOCRESMN    -0.015    -0.035  0.029 -0.048 -0.309  0.167  0.171  0.075  0.066  -0.105   -0.204   0.477
FSLAMIN       0.214     0.230 -0.215  0.139  0.090 -0.225  0.066 -0.228 -0.058  -0.022    0.125  -0.137
           PHENCR    PHY RDRROOT RDRSCO RDRSMX RDRTEM RDRTMIN RGENMX RGRTG1G2 ROOTDM RUBISC SIMAX1T SLAMAX
LOG10CLVI  -0.078  0.036  -0.010  0.002  0.032 -0.183  -0.055  0.063   -0.038 -0.191 -0.056   0.136 -0.234
LOG10CRESI -0.251 -0.185   0.139  0.145 -0.175  0.170   0.113 -0.099    0.029  0.092  0.207  -0.087 -0.009
LOG10CRTI   0.007 -0.045   0.116 -0.159 -0.002  0.059  -0.084  0.229    0.077  0.025  0.072   0.052 -0.232
LOG10LAII   0.071 -0.069   0.002 -0.210 -0.081 -0.071   0.043  0.185    0.092 -0.181 -0.004  -0.152 -0.134
TILTOTI    -0.275  0.022  -0.056  0.101  0.005  0.091   0.098 -0.231    0.135  0.006 -0.147   0.143 -0.046
AGEH        0.196  0.205  -0.059 -0.053  0.101  0.038  -0.261  0.074   -0.150 -0.009  0.047  -0.159  0.072
CLAIV       0.246 -0.159   0.083  0.005 -0.132 -0.139   0.089  0.050   -0.045  0.041 -0.039   0.113 -0.132
COCRESMX    0.106  0.058   0.076 -0.171  0.279 -0.046  -0.002 -0.115    0.144  0.078 -0.097   0.151 -0.099
CSTAVM     -0.089 -0.167   0.090 -0.290 -0.092  0.099  -0.081  0.110    0.001  0.048  0.167  -0.348  0.133
DAYLB       0.033  0.199  -0.016  0.008  0.102  0.067  -0.099 -0.021    0.157  0.013  0.110   0.067 -0.107
DAYLG1G2   -0.025 -0.147   0.115  0.192 -0.114  0.155  -0.093 -0.095    0.048  0.088 -0.105  -0.113 -0.042
DAYLGEA     0.113  0.308  -0.184  0.161  0.146  0.044  -0.136 -0.188    0.153  0.212  0.313  -0.071  0.330
DAYLP       0.028 -0.025  -0.055  0.016 -0.071 -0.017   0.007 -0.066   -0.007  0.075  0.146  -0.003  0.131
DAYLRV     -0.014 -0.041   0.149  0.227 -0.037  0.185   0.093 -0.181    0.096  0.139 -0.117   0.124  0.101
DLMXGE      0.121  0.082   0.076  0.228  0.014 -0.063   0.054  0.124   -0.011  0.022  0.135   0.074 -0.030
FCOCRESMN   0.058 -0.020  -0.193 -0.049 -0.207  0.277   0.142  0.110    0.294  0.080  0.188  -0.183  0.131
FSLAMIN     0.129  0.049   0.083  0.018  0.078  0.035  -0.018 -0.101    0.112  0.066 -0.012   0.033  0.203
            TBASE  TCRES TOPTGE TRANCO  TVERN TVERND VERNDI     YG   WCST
LOG10CLVI   0.232 -0.107 -0.115  0.089  0.019 -0.192 -0.069 -0.110 -0.075
LOG10CRESI -0.031  0.098 -0.175  0.017 -0.029  0.180  0.137  0.039 -0.035
LOG10CRTI   0.139  0.066  0.103 -0.062 -0.201 -0.205 -0.221 -0.152 -0.095
LOG10LAII   0.141 -0.024 -0.060 -0.005  0.019  0.048 -0.041 -0.151 -0.017
TILTOTI    -0.266 -0.129 -0.268 -0.004  0.090  0.027  0.133 -0.019  0.010
AGEH        0.209  0.065  0.362 -0.179 -0.070 -0.126 -0.181  0.130  0.258
CLAIV       0.195 -0.051  0.059  0.045  0.186  0.125  0.131  0.196 -0.017
COCRESMX    0.302 -0.210  0.075  0.170  0.019  0.168 -0.290  0.017  0.157
CSTAVM      0.007  0.226 -0.156  0.033 -0.183  0.055  0.105  0.061 -0.276
DAYLB       0.106 -0.071  0.105  0.096 -0.029 -0.084 -0.122 -0.106  0.198
DAYLG1G2   -0.026 -0.040 -0.087  0.089  0.192  0.145 -0.066  0.023  0.094
DAYLGEA    -0.063  0.220 -0.059 -0.264 -0.234  0.176 -0.065  0.047 -0.221
DAYLP       0.009  0.309 -0.200 -0.200 -0.274  0.036 -0.099 -0.030 -0.263
DAYLRV     -0.137 -0.040 -0.064  0.117 -0.086  0.327  0.042  0.176  0.166
DLMXGE      0.097 -0.204 -0.199  0.037  0.158  0.095  0.028 -0.059 -0.173
FCOCRESMN  -0.139  0.438 -0.298 -0.361 -0.241 -0.034  0.042 -0.130 -0.369
FSLAMIN     0.092 -0.067  0.023 -0.119 -0.125  0.193  0.000  0.092  0.113
 [ reached getOption("max.print") -- omitted 40 rows ]
