# # # # # # # # # # # # # # # # # # # # # # # # # 
## MCMC chain summary ## 
# # # # # # # # # # # # # # # # # # # # # # # # # 
 
# MCMC sampler:  DREAMzs 
# Nr. Chains:  9 
# Iterations per chain:  16000 
# Rejection rate:  0.976 
# Effective sample size:  264 
# Runtime:  1337.56  sec. 
 
# Parameters
             psf   MAP  2.5% median 97.5%
LOG10CLVI  1.036 1.158 0.828  1.129 1.356
TILTOTI    1.058 1.036 0.430  0.871 1.401
VERNDI     1.027 0.987 0.334  0.987 1.700
ABASAL     1.034 0.905 0.405  1.030 1.656
BASALI     1.011 1.097 0.928  1.094 1.216
BD         1.052 1.111 0.875  1.026 1.169
COCRESMX   1.042 1.322 0.806  1.271 1.639
CSTAVM     1.055 1.044 0.419  0.929 1.456
DAYLB      1.047 1.201 0.820  1.331 1.706
DAYLG1G2   1.055 1.014 0.973  0.989 1.018
DAYLGEA    1.021 1.023 0.873  0.975 1.080
DAYLP      1.017 0.775 0.680  0.793 1.015
DAYLRV     1.039 0.999 0.919  1.067 1.154
DLMXGE     1.047 0.880 0.728  0.864 1.068
FCOCRESMN  1.090 0.585 0.219  0.530 1.088
FGRESSI    1.050 0.782 0.637  0.943 1.282
FSLAMIN    1.100 0.878 0.681  0.878 1.116
FSMAX      1.027 0.982 0.905  0.986 1.088
FWCFC      1.021 0.933 0.881  0.953 1.042
FWCWP      1.061 0.932 0.663  0.862 1.040
HAGERE     1.076 1.041 0.904  1.059 1.165
HARVFRD    1.088 0.986 0.594  0.922 1.284
KCRT       1.051 0.064 0.041  0.269 0.777
KLAI       1.044 0.964 0.710  1.024 1.338
KLUETILG   1.043 0.944 0.363  1.009 1.638
KRESPHARD  1.029 0.566 0.119  0.521 1.128
KTIL       1.064 1.229 0.518  1.184 1.684
LAICR      1.055 0.791 0.766  0.886 1.084
LAIEFT     1.052 0.795 0.602  0.983 1.286
LAITIL     1.031 1.166 0.858  1.067 1.268
LFWIDG     1.035 0.410 0.171  0.704 1.422
LFWIDV     1.034 1.049 0.739  0.976 1.225
PHENCR     1.024 1.112 0.580  1.039 1.449
PHY        1.062 1.263 0.801  1.206 1.517
RDRHARVMAX 1.050 0.722 0.460  0.925 1.445
RDRROOT    1.029 0.410 0.255  0.628 1.126
RDRSCO     1.028 0.470 0.230  0.621 1.127
RDRSMX     1.031 1.308 0.565  1.015 1.407
RDRTEM     1.050 0.746 0.525  0.793 1.145
RDRTMIN    1.054 0.581 0.303  0.957 1.564
RDRTILMIN  1.027 0.671 0.239  0.754 1.435
RDRWMAX    1.016 0.355 0.155  0.440 0.887
RGENMX     1.035 1.053 0.408  0.834 1.400
RGRTG1G2   1.092 0.994 0.338  1.073 1.701
ROOTDM     1.078 0.695 0.412  0.696 1.014
RUBISC     1.034 0.806 0.551  0.921 1.365
SIMAX1T    1.026 1.137 0.663  0.958 1.281
SLAMAX     1.020 0.988 0.893  1.068 1.238
TBASE      1.024 1.151 0.769  1.103 1.379
TCRES      1.079 0.756 0.585  0.756 1.080
TOPTGE     1.027 0.888 0.819  1.013 1.213
TRANCO     1.039 0.755 0.579  0.897 1.291
TVERN      1.032 0.689 0.590  0.794 1.099
TVERND     1.039 1.075 0.794  1.009 1.234
TVERNDMN   1.056 0.779 0.360  0.964 1.601
YG         1.032 0.948 0.792  0.974 1.159

## DIC:  1439.633 
## Convergence 
 Gelman Rubin multivariate psrf:  1.487 
 
## Correlations 
           LOG10CLVI TILTOTI VERNDI ABASAL BASALI     BD COCRESMX CSTAVM  DAYLB DAYLG1G2 DAYLGEA  DAYLP
LOG10CLVI      1.000  -0.005  0.062 -0.046  0.005  0.115    0.069 -0.001 -0.042   -0.023   0.010 -0.028
TILTOTI       -0.005   1.000  0.053  0.076 -0.028  0.064    0.049 -0.043 -0.007   -0.049   0.044 -0.055
VERNDI         0.062   0.053  1.000 -0.063 -0.036 -0.012    0.017 -0.022 -0.072    0.037   0.029  0.016
ABASAL        -0.046   0.076 -0.063  1.000  0.040  0.019   -0.004  0.010  0.002    0.075   0.019  0.044
BASALI         0.005  -0.028 -0.036  0.040  1.000 -0.019   -0.027  0.034  0.022   -0.024  -0.084 -0.058
BD             0.115   0.064 -0.012  0.019 -0.019  1.000   -0.020  0.005  0.097   -0.143   0.004  0.032
COCRESMX       0.069   0.049  0.017 -0.004 -0.027 -0.020    1.000  0.004 -0.019   -0.029   0.005 -0.004
CSTAVM        -0.001  -0.043 -0.022  0.010  0.034  0.005    0.004  1.000  0.080    0.061  -0.073  0.076
DAYLB         -0.042  -0.007 -0.072  0.002  0.022  0.097   -0.019  0.080  1.000   -0.275   0.041  0.030
DAYLG1G2      -0.023  -0.049  0.037  0.075 -0.024 -0.143   -0.029  0.061 -0.275    1.000  -0.028  0.058
DAYLGEA        0.010   0.044  0.029  0.019 -0.084  0.004    0.005 -0.073  0.041   -0.028   1.000 -0.047
DAYLP         -0.028  -0.055  0.016  0.044 -0.058  0.032   -0.004  0.076  0.030    0.058  -0.047  1.000
DAYLRV         0.043  -0.033 -0.056  0.012 -0.033  0.118   -0.019 -0.008  0.041   -0.180  -0.069  0.034
DLMXGE         0.016   0.050  0.000  0.050  0.004  0.145    0.020  0.065 -0.043   -0.201   0.152 -0.109
FCOCRESMN      0.041   0.005  0.101 -0.058  0.064 -0.025    0.134  0.027  0.034   -0.021   0.028 -0.021
FGRESSI       -0.027  -0.088 -0.042  0.015 -0.076  0.026   -0.076  0.050  0.164   -0.055  -0.040  0.009
FSLAMIN       -0.001   0.076 -0.004  0.053 -0.086  0.003    0.049 -0.084 -0.045   -0.060   0.007 -0.065
           DAYLRV DLMXGE FCOCRESMN FGRESSI FSLAMIN  FSMAX  FWCFC  FWCWP HAGERE HARVFRD   KCRT   KLAI
LOG10CLVI   0.043  0.016     0.041  -0.027  -0.001  0.068 -0.059 -0.028 -0.041  -0.054  0.060  0.018
TILTOTI    -0.033  0.050     0.005  -0.088   0.076 -0.040  0.050  0.071 -0.040  -0.042 -0.102  0.088
VERNDI     -0.056  0.000     0.101  -0.042  -0.004 -0.054  0.020 -0.018 -0.062  -0.026  0.082  0.053
ABASAL      0.012  0.050    -0.058   0.015   0.053  0.013 -0.026 -0.065  0.019  -0.055 -0.014 -0.048
BASALI     -0.033  0.004     0.064  -0.076  -0.086  0.075 -0.034 -0.057  0.020  -0.002 -0.096  0.062
BD          0.118  0.145    -0.025   0.026   0.003 -0.006 -0.029  0.030  0.008   0.097  0.058 -0.042
COCRESMX   -0.019  0.020     0.134  -0.076   0.049 -0.001 -0.016  0.009 -0.007  -0.063 -0.046  0.001
CSTAVM     -0.008  0.065     0.027   0.050  -0.084  0.091 -0.075 -0.057  0.034   0.034  0.080 -0.065
DAYLB       0.041 -0.043     0.034   0.164  -0.045  0.054 -0.042  0.054  0.050   0.007 -0.053  0.116
DAYLG1G2   -0.180 -0.201    -0.021  -0.055  -0.060 -0.042  0.102  0.003  0.021   0.014  0.058 -0.047
DAYLGEA    -0.069  0.152     0.028  -0.040   0.007  0.083  0.088 -0.009  0.022   0.062  0.065  0.064
DAYLP       0.034 -0.109    -0.021   0.009  -0.065 -0.021 -0.047 -0.041  0.039  -0.078  0.024 -0.107
DAYLRV      1.000 -0.026     0.015   0.007   0.061 -0.058 -0.069  0.026  0.035   0.096 -0.056  0.002
DLMXGE     -0.026  1.000    -0.096  -0.004  -0.062 -0.007 -0.006 -0.040  0.022   0.021 -0.018 -0.044
FCOCRESMN   0.015 -0.096     1.000   0.111   0.069  0.062  0.050  0.025 -0.120   0.019  0.017 -0.021
FGRESSI     0.007 -0.004     0.111   1.000   0.156  0.060 -0.005 -0.004 -0.051   0.180  0.024  0.011
FSLAMIN     0.061 -0.062     0.069   0.156   1.000 -0.027  0.062  0.100 -0.064   0.077  0.063 -0.036
           KLUETILG KRESPHARD   KTIL  LAICR LAIEFT LAITIL LFWIDG LFWIDV PHENCR    PHY RDRHARVMAX
LOG10CLVI    -0.004     0.029  0.032 -0.025 -0.031  0.020 -0.079  0.073 -0.022  0.013     -0.008
TILTOTI      -0.066     0.132  0.037  0.013 -0.035  0.013  0.069  0.011 -0.054 -0.065     -0.081
VERNDI       -0.043     0.033 -0.008  0.041  0.002  0.070 -0.002  0.028 -0.005  0.047      0.018
ABASAL       -0.079     0.034  0.010  0.029 -0.013  0.058 -0.025  0.010  0.078 -0.076     -0.059
BASALI        0.039    -0.037 -0.032 -0.056 -0.048 -0.148  0.011  0.045 -0.123 -0.035      0.014
BD            0.031    -0.056 -0.017 -0.008  0.029  0.025  0.026 -0.018  0.006 -0.087     -0.047
COCRESMX      0.016     0.038  0.057 -0.033 -0.076  0.048  0.007  0.062 -0.010 -0.030     -0.057
CSTAVM        0.028     0.065  0.008 -0.015 -0.057 -0.013 -0.043 -0.015 -0.043 -0.023     -0.005
DAYLB         0.075    -0.010 -0.018  0.023 -0.116  0.053  0.080 -0.069 -0.038 -0.094     -0.012
DAYLG1G2      0.004     0.044 -0.039  0.019 -0.075  0.086 -0.087 -0.035  0.010  0.019     -0.034
DAYLGEA      -0.002     0.021 -0.011  0.069  0.035 -0.024 -0.036  0.081 -0.031  0.113     -0.074
DAYLP        -0.004     0.071  0.001  0.028 -0.009  0.003 -0.107 -0.059  0.090  0.029      0.067
DAYLRV        0.002     0.094  0.032 -0.041  0.074 -0.112  0.025 -0.013 -0.012 -0.039     -0.036
DLMXGE       -0.068     0.013 -0.058 -0.132 -0.127  0.095 -0.053 -0.105 -0.037 -0.112     -0.015
FCOCRESMN     0.148    -0.080 -0.032  0.016 -0.067  0.003 -0.060 -0.007 -0.108  0.066     -0.050
FGRESSI       0.010    -0.002 -0.049 -0.077  0.134 -0.101  0.040  0.091 -0.053  0.049     -0.040
FSLAMIN      -0.028     0.000  0.021  0.129 -0.027  0.006 -0.027  0.049 -0.007  0.077     -0.085
           RDRROOT RDRSCO RDRSMX RDRTEM RDRTMIN RDRTILMIN RDRWMAX RGENMX RGRTG1G2 ROOTDM RUBISC SIMAX1T
LOG10CLVI   -0.035  0.074  0.014 -0.022  -0.095    -0.042  -0.042  0.013   -0.025 -0.001 -0.053  -0.018
TILTOTI     -0.004 -0.040  0.078  0.021  -0.007    -0.040   0.019 -0.026   -0.130  0.005 -0.016  -0.002
VERNDI       0.018 -0.018  0.045 -0.076   0.023    -0.013  -0.002  0.043   -0.052 -0.007 -0.017  -0.013
ABASAL       0.098 -0.011 -0.026  0.054  -0.046     0.070   0.017 -0.018    0.087 -0.003  0.038   0.043
BASALI       0.002  0.071  0.000 -0.004   0.075     0.006  -0.087 -0.040   -0.089 -0.034 -0.092  -0.053
BD          -0.011  0.060 -0.110 -0.021  -0.093     0.004   0.032 -0.090    0.117 -0.009  0.059   0.056
COCRESMX    -0.039 -0.059 -0.029 -0.077   0.040     0.072  -0.002 -0.155   -0.017 -0.028 -0.030   0.127
CSTAVM      -0.044 -0.103  0.038  0.023  -0.076     0.019  -0.095  0.036    0.030  0.009 -0.099  -0.051
DAYLB        0.056  0.023  0.034  0.123  -0.022    -0.106  -0.294 -0.013    0.106  0.039 -0.127   0.004
DAYLG1G2     0.043 -0.052  0.036  0.015   0.029    -0.038   0.043  0.425   -0.019  0.031  0.048   0.116
DAYLGEA     -0.005 -0.105 -0.006  0.035   0.064     0.000   0.031  0.021    0.008 -0.087  0.042   0.032
DAYLP       -0.094 -0.042 -0.072 -0.065  -0.047    -0.019  -0.041  0.073   -0.049  0.048 -0.101  -0.054
DAYLRV      -0.107 -0.036 -0.072 -0.021  -0.007    -0.006  -0.004 -0.028    0.096  0.067  0.024  -0.008
DLMXGE      -0.016 -0.007  0.035  0.023  -0.054    -0.069  -0.006  0.097    0.104 -0.002  0.001   0.106
FCOCRESMN    0.033 -0.042 -0.010  0.048   0.141     0.006  -0.067 -0.080    0.015 -0.030 -0.055   0.040
FGRESSI      0.024 -0.008 -0.003  0.072   0.021     0.031   0.041  0.069   -0.036  0.002 -0.010   0.079
FSLAMIN     -0.008 -0.051 -0.114  0.004   0.083    -0.028   0.108 -0.079   -0.043 -0.006  0.054  -0.026
           SLAMAX  TBASE  TCRES TOPTGE TRANCO  TVERN TVERND TVERNDMN     YG
LOG10CLVI  -0.079 -0.035 -0.039  0.069 -0.019  0.049 -0.051   -0.021  0.005
TILTOTI    -0.025  0.032 -0.033 -0.027  0.067 -0.005 -0.012   -0.124  0.042
VERNDI      0.047  0.034 -0.041  0.038  0.020  0.009  0.096   -0.022  0.009
ABASAL     -0.036 -0.074  0.037 -0.110 -0.046 -0.026 -0.044    0.061 -0.011
BASALI      0.135 -0.024  0.016 -0.085  0.148  0.040 -0.153    0.113 -0.029
BD         -0.068  0.038  0.051  0.005  0.055  0.021 -0.005    0.023  0.007
COCRESMX   -0.025  0.018  0.056 -0.036 -0.046  0.019  0.008   -0.014  0.092
CSTAVM      0.142 -0.054 -0.017 -0.056  0.094  0.077  0.037    0.061 -0.001
DAYLB      -0.018 -0.045  0.012  0.048  0.025  0.075 -0.028   -0.035  0.045
DAYLG1G2    0.090  0.026 -0.052 -0.192  0.047  0.023  0.103    0.019  0.044
DAYLGEA    -0.019 -0.032 -0.052 -0.071 -0.051 -0.009 -0.033   -0.026  0.048
DAYLP       0.068  0.055 -0.034  0.028  0.042 -0.003  0.000   -0.075  0.027
DAYLRV     -0.077  0.003 -0.033  0.047  0.112 -0.048  0.004   -0.003 -0.127
DLMXGE      0.002  0.012  0.088 -0.061  0.021  0.059 -0.080    0.041  0.002
FCOCRESMN   0.029  0.003  0.043 -0.041  0.037 -0.001 -0.023   -0.006  0.074
FGRESSI     0.163  0.100 -0.148  0.069 -0.024 -0.039 -0.018   -0.006  0.033
FSLAMIN    -0.147  0.034  0.014  0.017 -0.087 -0.139 -0.073   -0.003 -0.055
 [ reached getOption("max.print") -- omitted 39 rows ]
