BASAL	2011	262	88.6526122823098	20	sd	1
BASAL	2011	313	34.0233118971061	20	sd	1
BASAL	2012	17	21.2272420768712	20	sd	1
BASAL	2012	109	78.0697445972495	20	sd	1
BASAL	2012	233	49.7284084736556	20	sd	1
BASAL	2012	331	41.6131518109427	20	sd	1
BASAL	2013	14	43.0564933603421	20	sd	1
BASAL	2013	105	96.1365099806825	20	sd	1
BASAL	2013	225	79.4474675596484	20	sd	1
BASAL	2013	315	47.3395501919912	20	sd	1
BASAL	2014	22	38.7576041179223	20	sd	1
BASAL	2014	99	82.8936850519584	20	sd	1
BASAL	2014	252	65.2427184466019	20	sd	1
BASAL	2014	308	63.2200460829493	20	sd	1
BASAL	2015	5	39.6825396825397	20	sd	1
BASAL	2015	112	45.775929295555	20	sd	1
BASAL	2015	250	48.1101419531384	20	sd	1
BASAL	2015	305	75.447434707676	20	sd	1
BASAL	2016	46	61.6875190723223	20	sd	1
BASAL	2016	98	48.4798000832986	20	sd	1
BASAL	2016	244	31.4427040395713	20	sd	1
BASAL	2016	326	28.7407214481052	20	sd	1
BASAL	2017	34	38.2556987115956	20	sd	1
CLV	2011	262	115.496205697573	30	sd	1
CLV	2011	313	48.5931395491002	30	sd	1
CLV	2012	17	28.0282141011527	30	sd	1
CLV	2012	109	71.4979375195586	30	sd	1
CLV	2012	233	63.7631593851486	30	sd	1
CLV	2012	331	56.9898309312315	30	sd	1
CLV	2013	14	44.5370463912661	30	sd	1
CLV	2013	105	59.4164964127857	30	sd	1
CLV	2013	225	97.6975348349677	30	sd	1
CLV	2013	315	79.2938281616435	30	sd	1
CLV	2014	22	34.3855060746808	30	sd	1
CLV	2014	99	90.832086006957	30	sd	1
CLV	2014	252	77.6432875893111	30	sd	1
CLV	2014	308	87.2025125636571	30	sd	1
CLV	2015	5	42.805212282175	30	sd	1
CLV	2015	112	38.9434805376687	30	sd	1
CLV	2015	250	67.4105286684794	30	sd	1
CLV	2015	305	108.006398215175	30	sd	1
CLV	2016	46	34.4437972568781	30	sd	1
CLV	2016	98	62.0374757355603	30	sd	1
CLV	2016	244	44.609716893918	30	sd	1
CLV	2016	326	37.4093116041322	30	sd	1
CLV	2017	34	16.12437444923	30	sd	1
CLVD	2011	262	16.5853717428209	20	sd	1
CLVD	2011	313	28.0285367313784	20	sd	1
CLVD	2012	17	13.402285742149	20	sd	1
CLVD	2012	109	16.7772190438274	20	sd	1
CLVD	2012	233	26.4122367447176	20	sd	1
CLVD	2012	331	26.9252768463201	20	sd	1
CLVD	2013	14	32.2893665549553	20	sd	1
CLVD	2013	105	46.800779271033	20	sd	1
CLVD	2013	225	17.1649504011868	20	sd	1
CLVD	2013	315	23.3162820965661	20	sd	1
CLVD	2014	22	22.2399900077984	20	sd	1
CLVD	2014	99	31.186692771247	20	sd	1
CLVD	2014	252	25.0927331634023	20	sd	1
CLVD	2014	308	29.3191489898406	20	sd	1
CLVD	2015	5	20.2805660504862	20	sd	1
CLVD	2015	112	24.7833033229281	20	sd	1
CLVD	2015	250	24.4990297220472	20	sd	1
CLVD	2015	305	41.9545284596433	20	sd	1
CLVD	2016	46	49.7318135673973	20	sd	1
CLVD	2016	98	24.7416184606907	20	sd	1
CLVD	2016	244	18.2134233309954	20	sd	1
CLVD	2016	326	20.7393008318604	20	sd	1
CLVD	2017	34	37.5252655346928	20	sd	1
CRT	2011	262	207.893170255632	60	sd	1
CRT	2011	313	87.4676511883804	60	sd	1
CRT	2012	17	50.4507853820749	60	sd	1
CRT	2012	109	128.696287535206	60	sd	1
CRT	2012	233	114.773686893267	60	sd	1
CRT	2012	331	102.581695676217	60	sd	1
CRT	2013	14	80.1666835042789	60	sd	1
CRT	2013	105	106.949693543014	60	sd	1
CRT	2013	225	175.855562702942	60	sd	1
CRT	2013	315	142.728890690958	60	sd	1
CRT	2014	22	61.8939109344254	60	sd	1
CRT	2014	99	163.497754812523	60	sd	1
CRT	2014	252	139.75791766076	60	sd	1
CRT	2014	308	156.964522614583	60	sd	1
CRT	2015	5	77.049382107915	60	sd	1
CRT	2015	112	70.0982649678037	60	sd	1
CRT	2015	250	121.338951603263	60	sd	1
CRT	2015	305	194.411516787315	60	sd	1
CRT	2016	46	61.9988350623806	60	sd	1
CRT	2016	98	111.667456324009	60	sd	1
CRT	2016	244	80.2974904090523	60	sd	1
CRT	2016	326	67.3367608874379	60	sd	1
CRT	2017	34	29.0238740086141	60	sd	1
CST	2011	262	0	10	sd	1
CST	2011	313	0	10	sd	1
CST	2012	17	0	10	sd	1
CST	2012	109	0	10	sd	1
CST	2012	233	0	10	sd	1
CST	2012	331	0	10	sd	1
CST	2013	14	4.82225992894436	10	sd	1
CST	2013	105	0	10	sd	1
CST	2013	225	0	10	sd	1
CST	2013	315	9.93525260101659	10	sd	1
CST	2014	22	4.74166927262412	10	sd	1
CST	2014	99	0	10	sd	1
CST	2014	252	0	10	sd	1
CST	2014	308	5.33697333600871	10	sd	1
CST	2015	5	3.95150514647068	10	sd	1
CST	2015	112	0	10	sd	1
CST	2015	250	0	10	sd	1
CST	2015	305	4.25748688760222	10	sd	1
CST	2016	46	14.4069277572289	10	sd	1
CST	2016	98	0	10	sd	1
CST	2016	244	0	10	sd	1
CST	2016	326	2.83721254654037	10	sd	1
CST	2017	34	3.46570191943931	10	sd	1
TILTOT	2011	139	3000	2000	sd	1
TILTOT	2011	274	4240	2000	sd	1
TILTOT	2011	342	4520	2000	sd	1
TILTOT	2012	103	6300	2000	sd	1
TILTOT	2013	93	4220	2000	sd	1
TILTOT	2014	118	1300	2000	sd	1
TILTOT	2015	106	760	2000	sd	1
TILTOT	2016	111	4180	2000	sd	1
TILTOT	2017	114	2060	2000	sd	1
WCLM	2015	305	28.4916666666667	10	sd	1
WCLM	2016	32	33.7041666666667	10	sd	1
WCLM	2016	122	33.4416666666667	10	sd	1
WCLM	2016	214	33.7791666666667	10	sd	1
WCLM	2016	306	24.3958333333333	10	sd	1
WCLM	2017	32	29.675	10	sd	1
WCLM	2017	121	33.9041666666667	10	sd	1
WCLM	2017	213	29.5	10	sd	1
WCLM	2017	305	26.0833333333333	10	sd	1
WCLM	2018	32	30	10	sd	0
WCLM	2018	121	34.1	10	sd	0
