CLV	2011	263	67.5887566156097	10	sd	1
CLV	2011	263	74.6471768722489	10	sd	1
CLV	2011	263	60.5303363589705	10	sd	1
CLV	2011	263	60.019789930886	10	sd	1
CLV	2011	263	67.0782101875251	10	sd	1
CLV	2011	263	52.9613696742468	10	sd	1
CLV	2011	263	75.1577233003334	10	sd	1
CLV	2011	263	82.2161435569726	10	sd	1
CLV	2011	263	68.0993030436943	10	sd	1
CLV	2011	316	75.2922671230926	10	sd	1
CLV	2011	316	75.2922671230926	10	sd	1
CLV	2011	316	75.2922671230926	10	sd	1
CLV	2011	316	75.2922671230926	10	sd	1
CLV	2012	19	31.6508752123375	10	sd	1
CLV	2012	19	29.0021499631935	10	sd	1
CLV	2012	19	34.2996004614816	10	sd	1
CLV	2012	19	34.6129113432386	10	sd	1
CLV	2012	19	31.9641860940946	10	sd	1
CLV	2012	19	37.2616365923827	10	sd	1
CLV	2012	19	28.6888390814364	10	sd	1
CLV	2012	19	26.0401138322923	10	sd	1
CLV	2012	19	31.3375643305804	10	sd	1
CLV	2012	111	50.0015624667679	10	sd	1
CLV	2012	111	54.6859763455845	10	sd	1
CLV	2012	111	45.3171485879513	10	sd	1
CLV	2012	111	43.7529141976627	10	sd	1
CLV	2012	111	48.4373280764793	10	sd	1
CLV	2012	111	39.0685003188461	10	sd	1
CLV	2012	111	56.250210735873	10	sd	1
CLV	2012	111	60.9346246146897	10	sd	1
CLV	2012	111	51.5657968570564	10	sd	1
CLV	2012	239	41.6224673096475	10	sd	1
CLV	2012	239	39.6476700223983	10	sd	1
CLV	2012	239	43.5972645968966	10	sd	1
CLV	2012	239	43.7022078711189	10	sd	1
CLV	2012	239	41.7274105838697	10	sd	1
CLV	2012	239	45.677005158368	10	sd	1
CLV	2012	239	39.542726748176	10	sd	1
CLV	2012	239	37.5679294609269	10	sd	1
CLV	2012	239	41.5175240354252	10	sd	1
CLV	2012	333	57.0018613176562	10	sd	1
CLV	2012	333	58.5673093781522	10	sd	1
CLV	2012	333	55.4364132571601	10	sd	1
CLV	2012	333	55.4155995280552	10	sd	1
CLV	2012	333	56.9810475885512	10	sd	1
CLV	2012	333	53.8501514675592	10	sd	1
CLV	2012	333	58.5881231072571	10	sd	1
CLV	2012	333	60.1535711677532	10	sd	1
CLV	2012	333	57.0226750467611	10	sd	1
CLV	2013	17	52.6095974241955	10	sd	1
CLV	2013	17	54.8602335437377	10	sd	1
CLV	2013	17	50.3589613046534	10	sd	1
CLV	2013	17	50.0927393598308	10	sd	1
CLV	2013	17	52.3433754793729	10	sd	1
CLV	2013	17	47.8421032402886	10	sd	1
CLV	2013	17	55.1264554885603	10	sd	1
CLV	2013	17	57.3770916081025	10	sd	1
CLV	2013	17	52.8758193690182	10	sd	1
CLV	2013	109	38.3895208263246	10	sd	1
CLV	2013	109	35.1817970239503	10	sd	1
CLV	2013	109	41.5972446286989	10	sd	1
CLV	2013	109	42.6683779691817	10	sd	1
CLV	2013	109	39.4606541668074	10	sd	1
CLV	2013	109	45.876101771556	10	sd	1
CLV	2013	109	34.1106636834675	10	sd	1
CLV	2013	109	30.9029398810931	10	sd	1
CLV	2013	109	37.3183874858418	10	sd	1
CLV	2013	227	114.131621907323	10	sd	1
CLV	2013	227	123.382229642898	10	sd	1
CLV	2013	227	104.881014171747	10	sd	1
CLV	2013	227	104.389424948597	10	sd	1
CLV	2013	227	113.640032684173	10	sd	1
CLV	2013	227	95.1388172130213	10	sd	1
CLV	2013	227	123.873818866048	10	sd	1
CLV	2013	227	133.124426601624	10	sd	1
CLV	2013	227	114.623211130472	10	sd	1
CLV	2013	318	121.322706144195	10	sd	1
CLV	2013	318	118.454897700927	10	sd	1
CLV	2013	318	124.190514587463	10	sd	1
CLV	2013	318	124.228644110613	10	sd	1
CLV	2013	318	121.360835667345	10	sd	1
CLV	2013	318	127.096452553881	10	sd	1
CLV	2013	318	118.416768177777	10	sd	1
CLV	2013	318	115.548959734509	10	sd	1
CLV	2013	318	121.284576621045	10	sd	1
CLV	2014	21	23.7101028668068	10	sd	1
CLV	2014	21	24.2435502155854	10	sd	1
CLV	2014	21	23.1766555180283	10	sd	1
CLV	2014	21	23.113555406278	10	sd	1
CLV	2014	21	23.6470027550566	10	sd	1
CLV	2014	21	22.5801080574995	10	sd	1
CLV	2014	21	24.3066503273357	10	sd	1
CLV	2014	21	24.8400976761142	10	sd	1
CLV	2014	21	23.7732029785571	10	sd	1
CLV	2014	98	50.5020220028884	10	sd	1
CLV	2014	98	54.9795260368265	10	sd	1
CLV	2014	98	46.0245179689504	10	sd	1
CLV	2014	98	44.5293755725422	10	sd	1
CLV	2014	98	49.0068796064803	10	sd	1
CLV	2014	98	40.0518715386042	10	sd	1
CLV	2014	98	56.4746684332346	10	sd	1
CLV	2014	98	60.9521724671727	10	sd	1
CLV	2014	98	51.9971643992966	10	sd	1
CLV	2014	251	93.9606779868282	10	sd	0
CLV	2014	251	86.7395820126504	10	sd	0
CLV	2014	251	101.181773961006	10	sd	0
CLV	2014	251	101.704086974744	10	sd	0
CLV	2014	251	94.4829910005658	10	sd	0
CLV	2014	251	108.925182948921	10	sd	0
CLV	2014	251	86.2172689989128	10	sd	0
CLV	2014	251	78.996173024735	10	sd	0
CLV	2014	251	93.4383649730905	10	sd	0
CLV	2014	310	59.5435979399536	10	sd	0
CLV	2014	310	55.7085422944008	10	sd	0
CLV	2014	310	63.3786535855063	10	sd	0
CLV	2014	310	63.4296433381038	10	sd	0
CLV	2014	310	59.5945876925511	10	sd	0
CLV	2014	310	67.2646989836566	10	sd	0
CLV	2014	310	55.6575525418033	10	sd	0
CLV	2014	310	51.8224968962506	10	sd	0
CLV	2014	310	59.4926081873561	10	sd	0
CLV	2015	7	36.0452722944406	10	sd	0
CLV	2015	7	44.7426739056062	10	sd	0
CLV	2015	7	27.347870683275	10	sd	0
CLV	2015	7	26.3190774671156	10	sd	0
CLV	2015	7	35.0164790782812	10	sd	0
CLV	2015	7	17.62167585595	10	sd	0
CLV	2015	7	45.7714671217657	10	sd	0
CLV	2015	7	54.4688687329313	10	sd	0
CLV	2015	7	37.0740655106001	10	sd	0
CLV	2015	112	37.6674786435112	10	sd	0
CLV	2015	112	42.4793968953408	10	sd	0
CLV	2015	112	32.8555603916815	10	sd	0
CLV	2015	112	31.2487493353812	10	sd	0
CLV	2015	112	36.0606675872109	10	sd	0
CLV	2015	112	26.4368310835516	10	sd	0
CLV	2015	112	44.0862079516411	10	sd	0
CLV	2015	112	48.8981262034708	10	sd	0
CLV	2015	112	39.2742896998114	10	sd	0
CLV	2015	251	58.2884170327581	10	sd	0
CLV	2015	251	68.2548209702883	10	sd	0
CLV	2015	251	48.3220130952278	10	sd	0
CLV	2015	251	47.6011277205765	10	sd	0
CLV	2015	251	57.5675316581067	10	sd	0
CLV	2015	251	37.6347237830463	10	sd	0
CLV	2015	251	68.9757063449396	10	sd	0
CLV	2015	251	78.9421102824698	10	sd	0
CLV	2015	251	59.0093024074094	10	sd	0
CLV	2015	306	83.2204180864811	10	sd	0
CLV	2015	306	102.943991373903	10	sd	0
CLV	2015	306	63.4968447990592	10	sd	0
CLV	2015	306	63.2346060689824	10	sd	0
CLV	2015	306	82.9581793564042	10	sd	0
CLV	2015	306	43.5110327815605	10	sd	0
CLV	2015	306	103.20623010398	10	sd	0
CLV	2015	306	122.929803391402	10	sd	0
CLV	2015	306	83.4826568165579	10	sd	0
CLV	2016	46	18.1904015845671	10	sd	0
CLV	2016	46	18.696282166577	10	sd	0
CLV	2016	46	17.6845210025573	10	sd	0
CLV	2016	46	17.5595659182201	10	sd	0
CLV	2016	46	18.0654465002299	10	sd	0
CLV	2016	46	17.0536853362102	10	sd	0
CLV	2016	46	18.8212372509142	10	sd	0
CLV	2016	46	19.3271178329241	10	sd	0
CLV	2016	46	18.3153566689044	10	sd	0
CLV	2016	98	44.7963673133742	10	sd	0
CLV	2016	98	47.0420664128297	10	sd	0
CLV	2016	98	42.5506682139186	10	sd	0
CLV	2016	98	41.8007772238219	10	sd	0
CLV	2016	98	44.0464763232775	10	sd	0
CLV	2016	98	39.5550781243664	10	sd	0
CLV	2016	98	47.7919574029264	10	sd	0
CLV	2016	98	50.037656502382	10	sd	0
CLV	2016	98	45.5462583034708	10	sd	0
CLV	2016	244	47.8535984577101	10	sd	0
CLV	2016	244	52.2518461258596	10	sd	0
CLV	2016	244	43.4553507895607	10	sd	0
CLV	2016	244	43.2216222372093	10	sd	0
CLV	2016	244	47.6198699053588	10	sd	0
CLV	2016	244	38.8233745690599	10	sd	0
CLV	2016	244	52.485574678211	10	sd	0
CLV	2016	244	56.8838223463604	10	sd	0
CLV	2016	244	48.0873270100615	10	sd	0
CLV	2016	326	20.0968867852875	10	sd	0
CLV	2016	326	21.6980104303623	10	sd	0
CLV	2016	326	18.4957631402127	10	sd	0
CLV	2016	326	18.398964412676	10	sd	0
CLV	2016	326	20.0000880577508	10	sd	0
CLV	2016	326	16.7978407676012	10	sd	0
CLV	2016	326	21.7948091578989	10	sd	0
CLV	2016	326	23.3959328029737	10	sd	0
CLV	2016	326	20.1936855128241	10	sd	0
CLV	2017	34	13.6040262259267	10	sd	0
CLV	2017	34	12.7443118729399	10	sd	0
CLV	2017	34	14.4637405789134	10	sd	0
CLV	2017	34	14.5654339735305	10	sd	0
CLV	2017	34	13.7057196205438	10	sd	0
CLV	2017	34	15.4251483265172	10	sd	0
CLV	2017	34	12.6426184783228	10	sd	0
CLV	2017	34	11.7829041253361	10	sd	0
CLV	2017	34	13.5023328313096	10	sd	0
CLV	2017	101	35.3983182811823	10	sd	0
CLV	2017	101	36.1451973178649	10	sd	0
CLV	2017	101	34.6514392444997	10	sd	0
CLV	2017	101	34.4020390196717	10	sd	0
CLV	2017	101	35.1489180563543	10	sd	0
CLV	2017	101	33.6551599829891	10	sd	0
CLV	2017	101	36.3945975426929	10	sd	0
CLV	2017	101	37.1414765793755	10	sd	0
CLV	2017	101	35.6477185060103	10	sd	0
CST	2011	263	0	4	sd	1
CST	2011	263	0	4	sd	1
CST	2011	263	0	4	sd	1
CST	2011	263	0	4	sd	1
CST	2011	263	0	4	sd	1
CST	2011	263	0	4	sd	1
CST	2011	263	0	4	sd	1
CST	2011	263	0	4	sd	1
CST	2011	263	0	4	sd	1
CST	2011	316	0	4	sd	1
CST	2011	316	0	4	sd	1
CST	2011	316	0	4	sd	1
CST	2011	316	0	4	sd	1
CST	2012	19	15.014215297894	4	sd	1
CST	2012	19	14.6625283018868	4	sd	1
CST	2012	19	15.3659022939012	4	sd	1
CST	2012	19	16.77265027793	4	sd	1
CST	2012	19	16.4209632819228	4	sd	1
CST	2012	19	17.1243372739372	4	sd	1
CST	2012	19	13.255780317858	4	sd	1
CST	2012	19	12.9040933218508	4	sd	1
CST	2012	19	13.6074673138652	4	sd	1
CST	2012	111	0	4	sd	1
CST	2012	111	0	4	sd	1
CST	2012	111	0	4	sd	1
CST	2012	111	0	4	sd	1
CST	2012	111	0	4	sd	1
CST	2012	111	0	4	sd	1
CST	2012	111	0	4	sd	1
CST	2012	111	0	4	sd	1
CST	2012	111	0	4	sd	1
CST	2012	239	0	4	sd	1
CST	2012	239	0	4	sd	1
CST	2012	239	0	4	sd	1
CST	2012	239	0	4	sd	1
CST	2012	239	0	4	sd	1
CST	2012	239	0	4	sd	1
CST	2012	239	0	4	sd	1
CST	2012	239	0	4	sd	1
CST	2012	239	0	4	sd	1
CST	2012	333	0	4	sd	1
CST	2012	333	0	4	sd	1
CST	2012	333	0	4	sd	1
CST	2012	333	0	4	sd	1
CST	2012	333	0	4	sd	1
CST	2012	333	0	4	sd	1
CST	2012	333	0	4	sd	1
CST	2012	333	0	4	sd	1
CST	2012	333	0	4	sd	1
CST	2013	17	3.03431242259336	4	sd	1
CST	2013	17	3.06334840026271	4	sd	1
CST	2013	17	3.005276444924	4	sd	1
CST	2013	17	2.88913253424657	4	sd	1
CST	2013	17	2.91816851191593	4	sd	1
CST	2013	17	2.86009655657722	4	sd	1
CST	2013	17	3.17949231094014	4	sd	1
CST	2013	17	3.20852828860949	4	sd	1
CST	2013	17	3.15045633327078	4	sd	1
CST	2013	109	0	4	sd	1
CST	2013	109	0	4	sd	1
CST	2013	109	0	4	sd	1
CST	2013	109	0	4	sd	1
CST	2013	109	0	4	sd	1
CST	2013	109	0	4	sd	1
CST	2013	109	0	4	sd	1
CST	2013	109	0	4	sd	1
CST	2013	109	0	4	sd	1
CST	2013	227	0	4	sd	1
CST	2013	227	0	4	sd	1
CST	2013	227	0	4	sd	1
CST	2013	227	0	4	sd	1
CST	2013	227	0	4	sd	1
CST	2013	227	0	4	sd	1
CST	2013	227	0	4	sd	1
CST	2013	227	0	4	sd	1
CST	2013	227	0	4	sd	1
CST	2013	318	9.75250368470149	4	sd	1
CST	2013	318	9.69407389225746	4	sd	1
CST	2013	318	9.81093347714552	4	sd	1
CST	2013	318	10.0446526469216	4	sd	1
CST	2013	318	9.98622285447761	4	sd	1
CST	2013	318	10.1030824393657	4	sd	1
CST	2013	318	9.46035472248135	4	sd	1
CST	2013	318	9.40192493003732	4	sd	1
CST	2013	318	9.51878451492538	4	sd	1
CST	2014	21	9.14658854860186	4	sd	1
CST	2014	21	9.21864675670535	4	sd	1
CST	2014	21	9.07453034049838	4	sd	1
CST	2014	21	8.78629750808446	4	sd	1
CST	2014	21	8.85835571618794	4	sd	1
CST	2014	21	8.71423929998098	4	sd	1
CST	2014	21	9.50687958911927	4	sd	1
CST	2014	21	9.57893779722275	4	sd	1
CST	2014	21	9.43482138101579	4	sd	1
CST	2014	98	0	4	sd	1
CST	2014	98	0	4	sd	1
CST	2014	98	0	4	sd	1
CST	2014	98	0	4	sd	1
CST	2014	98	0	4	sd	1
CST	2014	98	0	4	sd	1
CST	2014	98	0	4	sd	1
CST	2014	98	0	4	sd	1
CST	2014	98	0	4	sd	1
CST	2014	251	0	4	sd	0
CST	2014	251	0	4	sd	0
CST	2014	251	0	4	sd	0
CST	2014	251	0	4	sd	0
CST	2014	251	0	4	sd	0
CST	2014	251	0	4	sd	0
CST	2014	251	0	4	sd	0
CST	2014	251	0	4	sd	0
CST	2014	251	0	4	sd	0
CST	2014	310	0.664435100383487	4	sd	0
CST	2014	310	0.651168373561922	4	sd	0
CST	2014	310	0.677701827205053	4	sd	0
CST	2014	310	0.730768734491315	4	sd	0
CST	2014	310	0.717502007669749	4	sd	0
CST	2014	310	0.744035461312881	4	sd	0
CST	2014	310	0.59810146627566	4	sd	0
CST	2014	310	0.584834739454094	4	sd	0
CST	2014	310	0.611368193097225	4	sd	0
CST	2015	7	3.35262378067252	4	sd	0
CST	2015	7	3.60159817479552	4	sd	0
CST	2015	7	3.10364938654953	4	sd	0
CST	2015	7	2.10775181005756	4	sd	0
CST	2015	7	2.35672620418055	4	sd	0
CST	2015	7	1.85877741593457	4	sd	0
CST	2015	7	4.59749575128749	4	sd	0
CST	2015	7	4.84647014541048	4	sd	0
CST	2015	7	4.3485213571645	4	sd	0
CST	2015	112	0	4	sd	0
CST	2015	112	0	4	sd	0
CST	2015	112	0	4	sd	0
CST	2015	112	0	4	sd	0
CST	2015	112	0	4	sd	0
CST	2015	112	0	4	sd	0
CST	2015	112	0	4	sd	0
CST	2015	112	0	4	sd	0
CST	2015	112	0	4	sd	0
CST	2015	251	0	4	sd	0
CST	2015	251	0	4	sd	0
CST	2015	251	0	4	sd	0
CST	2015	251	0	4	sd	0
CST	2015	251	0	4	sd	0
CST	2015	251	0	4	sd	0
CST	2015	251	0	4	sd	0
CST	2015	251	0	4	sd	0
CST	2015	251	0	4	sd	0
CST	2015	306	3.55980802882141	4	sd	0
CST	2015	306	3.83251891405044	4	sd	0
CST	2015	306	3.28709714359238	4	sd	0
CST	2015	306	2.19625360267627	4	sd	0
CST	2015	306	2.4689644879053	4	sd	0
CST	2015	306	1.92354271744725	4	sd	0
CST	2015	306	4.92336245496655	4	sd	0
CST	2015	306	5.19607334019557	4	sd	0
CST	2015	306	4.65065156973752	4	sd	0
CST	2016	46	5.14672322147651	4	sd	0
CST	2016	46	5.20018255033557	4	sd	0
CST	2016	46	5.09326389261745	4	sd	0
CST	2016	46	4.87942657718121	4	sd	0
CST	2016	46	4.93288590604027	4	sd	0
CST	2016	46	4.82596724832215	4	sd	0
CST	2016	46	5.41401986577181	4	sd	0
CST	2016	46	5.46747919463087	4	sd	0
CST	2016	46	5.36056053691275	4	sd	0
CST	2016	98	0	4	sd	0
CST	2016	98	0	4	sd	0
CST	2016	98	0	4	sd	0
CST	2016	98	0	4	sd	0
CST	2016	98	0	4	sd	0
CST	2016	98	0	4	sd	0
CST	2016	98	0	4	sd	0
CST	2016	98	0	4	sd	0
CST	2016	98	0	4	sd	0
CST	2016	244	0	4	sd	0
CST	2016	244	0	4	sd	0
CST	2016	244	0	4	sd	0
CST	2016	244	0	4	sd	0
CST	2016	244	0	4	sd	0
CST	2016	244	0	4	sd	0
CST	2016	244	0	4	sd	0
CST	2016	244	0	4	sd	0
CST	2016	244	0	4	sd	0
CST	2016	326	2.72384312101911	4	sd	0
CST	2016	326	2.80669256369427	4	sd	0
CST	2016	326	2.64099367834395	4	sd	0
CST	2016	326	2.30959590764331	4	sd	0
CST	2016	326	2.39244535031847	4	sd	0
CST	2016	326	2.22674646496815	4	sd	0
CST	2016	326	3.1380903343949	4	sd	0
CST	2016	326	3.22093977707006	4	sd	0
CST	2016	326	3.05524089171974	4	sd	0
CST	2017	34	6.65054568690096	4	sd	0
CST	2017	34	6.5024428514377	4	sd	0
CST	2017	34	6.79864852236422	4	sd	0
CST	2017	34	7.39105986421725	4	sd	0
CST	2017	34	7.24295702875399	4	sd	0
CST	2017	34	7.53916269968051	4	sd	0
CST	2017	34	5.91003150958467	4	sd	0
CST	2017	34	5.76192867412141	4	sd	0
CST	2017	34	6.05813434504792	4	sd	0
CST	2017	101	0	4	sd	0
CST	2017	101	0	4	sd	0
CST	2017	101	0	4	sd	0
CST	2017	101	0	4	sd	0
CST	2017	101	0	4	sd	0
CST	2017	101	0	4	sd	0
CST	2017	101	0	4	sd	0
CST	2017	101	0	4	sd	0
CST	2017	101	0	4	sd	0
TILTOT	2011	140	1100	400	sd	1
TILTOT	2011	272	4460	400	sd	1
TILTOT	2011	343	4020	400	sd	1
TILTOT	2012	103	6280	400	sd	1
TILTOT	2013	95	6900	400	sd	1
TILTOT	2014	118	1700	400	sd	1
TILTOT	2015	106	1860	400	sd	0
TILTOT	2016	111	980	400	sd	0
TILTOT	2017	114	820	400	sd	0
