station	year	doy	tmin_C	tmax_C	rain_mm	radn_MJ_m2	priestley_mm
1	2010	1	11	22.7	0	31.4	6.133
1	2010	2	8.9	22.7	0	30.1	5.735
1	2010	3	11.7	24	3.4	21.1	4.035
1	2010	4	17	22.3	0	20.2	3.976
1	2010	5	11.3	22.1	0	30.9	6.009
1	2010	6	5.8	24.9	0	30.3	5.724
1	2010	7	11.3	23.9	0	22.6	4.337
1	2010	8	11.8	21.3	0	22.4	4.205
1	2010	9	6.2	23.4	0	32.3	6.064
1	2010	10	5.5	22	9.1	26.1	4.703
1	2010	11	12.8	19.7	0	27.7	5.287
1	2010	12	8.6	22.4	1.3	25.6	4.775
1	2010	13	10	20.6	0	15	2.584
1	2010	14	8.8	25.2	0	30.6	5.982
1	2010	15	10.6	25.8	0	22.7	4.41
1	2010	16	15.9	25.2	0	19.7	3.93
1	2010	17	14.9	24.4	4.5	17.6	3.396
1	2010	18	15.2	21.8	2.3	12.2	2.143
1	2010	19	15.9	27.4	0	25.4	5.331
1	2010	20	14.2	25.8	11.5	20.6	4.092
1	2010	21	18.1	24.6	25	14.6	2.814
1	2010	22	16.1	21.7	0	24	4.756
1	2010	23	15.9	23.2	0	20.8	4.102
1	2010	24	12.9	21.3	0	15.3	2.743
1	2010	25	11.9	27.3	0	25.5	5.154
1	2010	26	17.1	26.6	20	21.2	4.374
1	2010	27	13.5	26.4	12.5	24.8	5.031
1	2010	28	13.7	27.1	0	28	5.798
1	2010	29	15.3	26	0	26.9	5.575
1	2010	30	14.9	26.4	2.2	21.8	4.415
1	2010	31	17.5	21.4	53.2	3.8	0.315
1	2010	32	17.4	25.6	0	16.3	3.214
1	2010	33	18.4	26.5	0	20.3	4.21
1	2010	34	15.9	25	0	24.6	5.033
1	2010	35	15.1	25.3	0	25.6	5.235
1	2010	36	16.6	25.4	0	19	3.803
1	2010	37	17.7	26.1	0	17	3.401
1	2010	38	15.7	25.8	0	23.3	4.765
1	2010	39	14	26.4	5.3	19.4	3.837
1	2010	40	16.4	25.2	0	23.6	4.838
1	2010	41	15.1	22.2	0	22.1	4.317
1	2010	42	14.8	24.3	0	18.9	3.679
1	2010	43	13.1	25	7.7	17.3	3.291
1	2010	44	17.7	24.1	2.7	19.7	3.956
1	2010	45	19.1	24.5	0	20.6	4.23
1	2010	46	16.9	24.2	0	11	1.955
1	2010	47	17	23	0	11.7	2.093
1	2010	48	17.4	26.2	0	11.3	2.07
1	2010	49	18.5	25.1	0	10.5	1.885
1	2010	50	16.2	24.5	0	26.4	5.431
1	2010	51	9.7	24.1	0	24.3	4.637
1	2010	52	8.3	25.3	0	22.9	4.332
1	2010	53	10.9	27.1	0	24.7	4.919
1	2010	54	15.4	24.7	0	16.8	3.241
1	2010	55	17	26.2	0	19.5	3.961
1	2010	56	17.8	23.8	7.2	13	2.421
1	2010	57	12.5	25.3	0	21.2	4.14
1	2010	58	12	25.9	0	24.1	4.782
1	2010	59	12.4	25.7	0	22.1	4.35
1	2010	60	11.4	25.7	0	21.1	4.09
1	2010	61	15	23.3	0	12.8	2.302
1	2010	62	15	22.7	0	20	3.872
1	2010	63	12.9	23.1	0	23.5	4.566
1	2010	64	7.7	27.6	0	24.4	4.728
1	2010	65	14	25.3	0	20.7	4.088
1	2010	66	13.4	23	0	17.4	3.259
1	2010	67	8.5	24.3	0	21.5	4.004
1	2010	68	12.3	24.5	0	13.6	2.444
1	2010	69	13.8	25.6	0	20.2	3.98
1	2010	70	10.2	23.1	0	12.4	2.108
1	2010	71	11.5	21.1	0	17.8	3.222
1	2010	72	5.6	20.6	0	16.9	2.838
1	2010	73	10.2	23.2	0	21.4	4.007
1	2010	74	12.4	22	0	19.9	3.728
1	2010	75	8.1	19.1	0	10.5	1.604
1	2010	76	11.3	22.3	0	15.8	2.833
1	2010	77	0.6	19.5	0	22.3	3.638
1	2010	78	6.4	19.7	0	7.7	1.038
1	2010	79	14.6	22.8	0	13	2.327
1	2010	80	15.1	24.4	0	17.6	3.402
1	2010	81	12.1	21.8	0	11.7	1.973
1	2010	82	13.5	22.8	1.8	8.8	1.391
1	2010	83	10.4	21.8	11.9	7.9	1.148
1	2010	84	11	19.5	0	13.5	2.274
1	2010	85	13.5	22	0	15.5	2.822
1	2010	86	8.4	22.6	0	16.5	2.903
1	2010	87	9.8	25.3	0	15	2.704
1	2010	88	13.1	21.5	0	16.8	3.074
1	2010	89	8	21.4	0	17.1	2.977
1	2010	90	11	22	0	13	2.228
1	2010	91	9.8	22.5	0	13.3	2.275
1	2010	92	8.9	21.4	0	11.9	1.943
1	2010	93	10.5	22.1	0	13.3	2.282
1	2010	94	9.6	22.9	0	11.2	1.841
1	2010	95	10.8	24.8	0	15.7	2.868
1	2010	96	13.7	20.1	15.4	10.7	1.759
1	2010	97	12	19.2	0	15.3	2.662
1	2010	98	4.5	19.2	0	15.7	2.534
1	2010	99	4.5	20.5	0	17.5	2.917
1	2010	100	2.1	21.9	0	17.5	2.886
1	2010	101	3.6	21.9	0	16.6	2.759
1	2010	102	6.8	21.6	0	13.4	2.205
1	2010	103	7.9	21	2.7	10.6	1.653
1	2010	104	14.6	21.6	0	13.1	2.321
1	2010	105	10.4	20.2	0	12.4	2.051
1	2010	106	12.4	19.4	0	15.8	2.782
1	2010	107	2	17.1	0	7.5	0.919
1	2010	108	8.6	21.2	0	13.6	2.278
1	2010	109	9.8	19.4	0	11.2	1.78
1	2010	110	13.7	20.1	0	12.1	2.055
1	2010	111	4.8	18.9	0	8	1.068
1	2010	112	11	18.5	0	8.6	1.259
1	2010	113	10.3	18.8	0	10.1	1.556
1	2010	114	10.4	21.8	0	12.6	2.127
1	2010	115	10.9	22.9	0	11.2	1.865
1	2010	116	10.5	22.4	0	9.3	1.45
1	2010	117	14.2	22.5	6.3	5.7	0.722
1	2010	118	9.9	18.9	0	9.2	1.37
1	2010	119	9.7	21.6	0	11.9	1.963
1	2010	120	9.5	21.2	6.3	12.6	2.094
1	2010	121	11.1	17.2	2.9	8.7	1.263
1	2010	122	2.4	16.3	0	13.3	1.95
1	2010	123	2.2	15.8	0	6.9	0.799
1	2010	124	7.1	17.8	0	12.5	1.95
1	2010	125	3.2	17.2	0	13.4	2.019
1	2010	126	1.4	17.8	0	12.3	1.783
1	2010	127	7.6	17.2	0	6.4	0.773
1	2010	128	7.6	17.2	0	6.4	0.773
1	2010	129	5.4	16.7	0	6.3	0.732
1	2010	130	5.4	16.7	0	6.3	0.732
1	2010	131	9.4	18.2	0	6.6	0.837
1	2010	132	9.4	18.2	0	6.6	0.837
1	2010	133	8	20.9	0	11.3	1.794
1	2010	134	8	20.9	0	11.3	1.794
1	2010	135	10.2	18.8	0	5.6	0.648
1	2010	136	10.2	18.8	0	5.6	0.648
1	2010	137	14.1	18.3	8.4	3.7	0.274
1	2010	138	14.1	18.3	8.4	3.7	0.274
1	2010	139	15	21.4	0	8.5	1.327
1	2010	140	15	21.4	0	8.5	1.327
1	2010	141	10.5	20.9	1.1	11	1.779
1	2010	142	10.5	20.9	1.1	11	1.779
1	2010	143	11.5	18.8	8.6	6.3	0.799
1	2010	144	11.5	18.8	8.6	6.3	0.799
1	2010	145	10	18.1	0	8.3	1.18
1	2010	146	10	18.1	0	8.3	1.18
1	2010	147	5.6	18.8	0	8.5	1.173
1	2010	148	5.6	18.8	0	8.5	1.173
1	2010	149	5.1	17.1	0	6	0.676
1	2010	150	5.1	17.1	0	6	0.676
1	2010	151	5.6	16.4	0	8.7	1.179
1	2010	152	5.6	16.4	0	8.7	1.179
1	2010	153	5.5	14.4	15	5.1	0.493
1	2010	154	5.5	14.4	15	5.1	0.493
1	2010	155	7.2	13.7	3	2.1	0
1	2010	156	7.2	17.6	0	10.8	1.621
1	2010	157	3.9	16.2	26.1	3.6	0.222
1	2010	158	7.2	16.1	2.1	1.9	0
1	2010	159	8.3	15.9	19.4	6.8	0.845
1	2010	160	10.4	17.1	4.1	8.8	1.272
1	2010	161	8.8	16	3.2	4.7	0.446
1	2010	162	9.9	16.9	1.2	7.7	1.046
1	2010	163	6.7	13.8	3.8	6.8	0.81
1	2010	164	3.8	15.3	0	10.2	1.404
1	2010	165	3.1	14.3	9.3	7.7	0.932
1	2010	166	6.3	13.3	14.6	1.9	0
1	2010	167	10.8	17.8	1.9	9.2	1.367
1	2010	168	5.7	15.3	0	6.1	0.686
1	2010	169	2.6	16	0	11	1.537
1	2010	170	1.4	16.1	4.7	8	0.986
1	2010	171	5.9	17.3	23.1	2.2	0
1	2010	172	13.6	16.8	11	7.9	1.127
1	2010	173	7.9	12.4	0	7.3	0.9
1	2010	174	0.4	12.6	0	9.9	1.237
1	2010	175	3.5	14.6	19.4	6.7	0.764
1	2010	176	6.9	15	3.4	5.1	0.506
1	2010	177	8.9	16.1	9.2	6	0.698
1	2010	178	7	13.5	7.8	6.8	0.81
1	2010	179	4.1	14.5	2.3	7.9	0.984
1	2010	180	6.2	11.9	0	9.8	1.314
1	2010	181	-1.3	13.9	0	10	1.246
1	2010	182	0	13.8	0	8.1	0.952
1	2010	183	3.1	15.3	0	6.8	0.785
1	2010	184	5.6	15.6	31.7	5.1	0.502
1	2010	185	9.2	16.9	6	4.4	0.394
1	2010	186	11.2	16.3	2.2	7.2	0.955
1	2010	187	1.1	14.1	0	7.9	0.938
1	2010	188	3.8	13.5	0	7.5	0.896
1	2010	189	4.1	12.1	28.6	1.4	0
1	2010	190	5.6	14.5	33.2	5.6	0.587
1	2010	191	6.9	12.6	1.2	5.9	0.635
1	2010	192	5.3	13.7	1.1	6.2	0.684
1	2010	193	1.7	13.3	13.4	4.7	0.392
1	2010	194	4.1	14.2	16.2	7.7	0.944
1	2010	195	6.7	13.4	0	5.8	0.624
1	2010	196	1.1	13.4	0	9.2	1.147
1	2010	197	2.5	15.6	0	7.9	0.977
1	2010	198	0.8	14.5	0	7.3	0.837
1	2010	199	3.5	12.1	0	3.1	0.122
1	2010	200	5.5	13.8	2.2	3	0.111
1	2010	201	10.6	16.4	0	5.5	0.614
1	2010	202	9.5	15.5	0	9.2	1.315
1	2010	203	7.1	13.6	0	10.8	1.548
1	2010	204	3.1	12.9	0	10.6	1.413
1	2010	205	-2.6	11.9	0	10.6	1.278
1	2010	206	-2.1	12.4	0	10.1	1.219
1	2010	207	-0.7	13.5	0	10.3	1.299
1	2010	208	-0.7	13.5	0	11	1.414
1	2010	209	-0.5	14.6	0	10.5	1.358
1	2010	210	-0.5	15.2	0	9.5	1.201
1	2010	211	2.5	13.1	15.4	4.2	0.31
1	2010	212	5.1	15.5	4	6.5	0.756
1	2010	213	3.4	15.2	0	9.2	1.216
1	2010	214	0.4	13.5	0	6.3	0.653
1	2010	215	4.5	13.3	0	5.6	0.567
1	2010	216	5	13.1	26.7	3.2	0.144
1	2010	217	8.3	16.4	7.1	6	0.695
1	2010	218	8.2	15.2	0	7.2	0.913
1	2010	219	5.7	15.8	0	10	1.414
1	2010	220	2	13.2	0	11.2	1.499
1	2010	221	-2	12.5	3	8.4	0.953
1	2010	222	2.5	14.4	5.7	8.9	1.135
1	2010	223	3.2	14.1	0	9.5	1.247
1	2010	224	2.6	13.9	0	9.5	1.233
1	2010	225	-0.3	13.9	0	11.4	1.498
1	2010	226	0.3	14.4	0	9.8	1.252
1	2010	227	5	13.8	19.3	3.3	0.164
1	2010	228	11	17.2	0	10	1.521
1	2010	229	6.3	14.7	7.4	3.6	0.224
1	2010	230	10.4	15.5	12.5	2.2	0
1	2010	231	8.9	16	0	8.2	1.121
1	2010	232	2.6	14.8	0	8	0.985
1	2010	233	5.4	13.5	24.7	2.3	0
1	2010	234	8.2	14.5	7.3	9.6	1.358
1	2010	235	6.3	12.6	0	11	1.543
1	2010	236	-0.4	13.2	0	14.1	1.923
1	2010	237	-0.5	14	0	12.2	1.628
1	2010	238	-1	14.4	0	12.9	1.742
1	2010	239	-1	14.4	0	12.9	1.742
1	2010	240	13.5	15.4	15.2	1.8	0
1	2010	241	11.6	16.4	0	3.5	0.222
1	2010	242	5.8	14.2	5.9	4.9	0.457
1	2010	243	9.1	17.3	15.3	12.7	2.021
1	2010	244	7.9	13.4	4.4	9.7	1.355
1	2010	245	4.9	14.7	0	10.6	1.486
1	2010	246	3.5	13.4	10.9	5.3	0.508
1	2010	247	7.5	14.8	0	8.1	1.071
1	2010	248	2.3	14.4	3.7	11.7	1.618
1	2010	249	4.4	15.4	3.7	14.4	2.179
1	2010	250	4.4	14.8	0	15.9	2.431
1	2010	251	2.5	15.2	12.4	11.5	1.606
1	2010	252	8.6	17.2	6.9	11.9	1.853
1	2010	253	9.9	15.3	3.7	7	0.893
1	2010	254	7	17.1	10.8	10	1.455
1	2010	255	8.2	14.7	5.4	7.4	0.946
1	2010	256	6.1	15.2	1.7	13.3	2.022
1	2010	257	7	14.7	3.4	8.4	1.119
1	2010	258	4.6	16.9	0	14.2	2.193
1	2010	259	4.5	12.7	7.5	6	0.632
1	2010	260	7.2	14.1	3.7	14.4	2.225
1	2010	261	3.8	14.8	0	16.9	2.589
1	2010	262	4.5	14.4	0	10.3	1.418
1	2010	263	10.4	15.7	21.1	2.5	0.022
1	2010	264	11.5	15.8	1.2	6.2	0.755
1	2010	265	4.9	17.8	0	12.5	1.903
1	2010	266	9.3	15.9	21	5.1	0.525
1	2010	267	11.4	17.3	0	14.6	2.453
1	2010	268	5	16.3	21.2	6	0.67
1	2010	269	10	19.7	3	8.7	1.281
1	2010	270	12	15.8	0	11.5	1.813
1	2010	271	8.4	16.2	4.4	13.5	2.136
1	2010	272	9	15	5	16.6	2.714
1	2010	273	4.4	18.1	7.7	6.8	0.829
1	2010	274	9	16.5	11.3	11.3	1.73
1	2010	275	7.2	15.6	6.9	12.2	1.849
1	2010	276	11.5	15.8	3.4	14.6	2.417
1	2010	277	8	15.5	11.2	13.4	2.091
1	2010	278	10.9	15	8.6	15.3	2.517
1	2010	279	8	13	2.9	18.2	2.919
1	2010	280	7.7	15.1	2.2	15.6	2.489
1	2010	281	6.6	16.1	3.1	16.6	2.675
1	2010	282	11.5	16	2.9	10.4	1.589
1	2010	283	8.8	18	0	11.9	1.873
1	2010	284	12.1	19.7	0	15.5	2.72
1	2010	285	8	20.4	0	18.2	3.166
1	2010	286	10.3	21.7	0	15.8	2.787
1	2010	287	12.5	18.7	18.9	5.1	0.56
1	2010	288	10.9	16.4	0	13.3	2.16
1	2010	289	4.5	18.5	0	23.1	3.911
1	2010	290	3.2	18.3	0	21.2	3.493
1	2010	291	5.2	20	0	23.9	4.162
1	2010	292	4.9	19.5	0	21	3.57
1	2010	293	10.1	18.2	0	18.3	3.183
1	2010	294	10.1	17.5	0	16.3	2.762
1	2010	295	8.8	18.5	4.1	16.4	2.773
1	2010	296	12.2	16.3	0	19	3.33
1	2010	297	4.4	16.3	5.3	19	3.056
1	2010	298	6.6	13.7	0	13.5	2.035
1	2010	299	0.7	16.2	0	24.6	3.87
1	2010	300	9.3	18.7	2.1	9.7	1.458
1	2010	301	13.2	19.4	8.9	12	2.01
1	2010	302	12.2	19.9	0	14.6	2.541
1	2010	303	12.2	18.3	0	19.8	3.563
1	2010	304	10.4	17.3	5	6.8	0.877
1	2010	305	10.4	15.8	0	20.2	3.484
1	2010	306	5.3	16.6	4.1	19.4	3.173
1	2010	307	10.3	15.4	0	21.8	3.776
1	2010	308	9	15.5	2.7	17.3	2.863
1	2010	309	7	17.9	0	27.2	4.785
1	2010	310	4.5	20.2	0	26.4	4.62
1	2010	311	5.6	22.4	0	25.5	4.608
1	2010	312	7.9	21.5	0	25.5	4.676
1	2010	313	7.6	21.9	0	24.8	4.539
1	2010	314	9.8	21.3	0	20.2	3.668
1	2010	315	11.5	19.9	0	17.2	3.06
1	2010	316	7.2	23	0	25.5	4.715
1	2010	317	11.5	19.5	0	27.3	5.124
1	2010	318	6.7	18	0	25.8	4.505
1	2010	319	4.6	19.3	0	24.3	4.179
1	2010	320	6.4	19.3	0	23.9	4.185
1	2010	321	9.7	18.9	0	18.5	3.233
1	2010	322	5.2	20.3	11.8	21.8	3.768
1	2010	323	12.9	19.5	2.2	21.7	4.03
1	2010	324	8.2	18.5	0	29.3	5.292
1	2010	325	4.9	19.2	0	29.9	5.259
1	2010	326	5.6	21.1	0	27.5	4.938
1	2010	327	10	20.7	0	19.1	3.427
1	2010	328	10.5	20.7	0	27.4	5.156
1	2010	329	6.3	20.6	0	19.6	3.392
1	2010	330	11	19	0	13.9	2.344
1	2010	331	9.4	21.2	0	23	4.223
1	2010	332	15.5	20.6	0	20.6	3.942
1	2010	333	15.2	22.6	0	21.8	4.272
1	2010	334	13.8	23	0	24.4	4.797
1	2010	335	7.6	24.6	0	29.3	5.604
1	2010	336	10.5	24.7	0	21.4	4.079
1	2010	337	14.7	24.4	0	17.7	3.412
1	2010	338	18.1	23.8	4.2	13.3	2.496
1	2010	339	15.8	19	0	25	4.833
1	2010	340	11	21.7	0	27.9	5.339
1	2010	341	11.5	20.7	1.2	24	4.5
1	2010	342	8	21.4	0	24.7	4.514
1	2010	343	6	21.7	0	29.6	5.408
1	2010	344	11.8	25.3	0	26.4	5.248
1	2010	345	9.5	26.3	0	31.9	6.369
1	2010	346	12.6	27.4	0	25.2	5.126
1	2010	347	13.9	25.7	0	19	3.719
1	2010	348	14	24.5	0	20.8	4.079
1	2010	349	13.2	26.3	2.6	24.1	4.856
1	2010	350	15.3	24.1	0	16.1	3.064
1	2010	351	15.3	23.3	0	21.5	4.238
1	2010	352	15.7	25.3	0	24	4.902
1	2010	353	15.5	23.5	0	22.8	4.543
1	2010	354	11.3	23	0	23.4	4.469
1	2010	355	15.8	22.7	0	25.4	5.098
1	2010	356	11.8	23.4	0	22	4.208
1	2010	357	11.6	23.5	0	25.1	4.868
1	2010	358	8.8	23.6	0	28.6	5.469
1	2010	359	12.3	22.5	0	17.8	3.294
1	2010	360	15.7	28.1	0	26	5.495
1	2010	361	15.6	27.9	0	20.4	4.18
1	2010	362	17.1	25.8	0	12.7	2.38
1	2010	363	16.8	29.6	0	26.7	5.791
1	2010	364	18.7	20.7	4.8	8.7	1.411
1	2010	365	16.9	24.5	7.1	9.1	1.528
1	2011	1	19.3	25.9	0	15.5	3.09
1	2011	2	19.4	22.6	36.5	5.5	0.713
1	2011	3	18.9	24.6	25.1	9.2	1.581
1	2011	4	19.9	27.7	1.3	21.8	4.673
1	2011	5	20.9	26.3	0	12.8	2.498
1	2011	6	13.8	24	0	31.7	6.45
1	2011	7	10.5	20.5	0	11.5	1.875
1	2011	8	11.6	21	0	23.1	4.33
1	2011	9	9.4	21.8	0	19.3	3.486
1	2011	10	8.7	26	0	21.6	4.102
1	2011	11	17.6	22.5	14.2	6.8	0.993
1	2011	12	10.8	24.1	0	32.2	6.377
1	2011	13	12.2	23.9	0	19.7	3.748
1	2011	14	17	24.8	0	29	6.08
1	2011	15	12.7	22.8	0	30.3	6.006
1	2011	16	12.8	26.4	0	30	6.157
1	2011	17	12.3	28.3	0	31.5	6.578
1	2011	18	15.7	28.1	0	23.2	4.843
1	2011	19	17.3	26.3	0	26.2	5.531
1	2011	20	17.4	26.6	0	17.5	3.523
1	2011	21	16.4	28.6	0	23.1	4.872
1	2011	22	12.4	28.2	0	32.7	6.849
1	2011	23	13.2	25	0	29.9	6.077
1	2011	24	13.2	26.1	0	26.9	5.471
1	2011	25	15.1	26.5	0	28.6	5.978
1	2011	26	13.3	25	0	24	4.778
1	2011	27	12.3	26.1	0	24.9	4.982
1	2011	28	11.5	26.9	0	24.3	4.849
1	2011	29	16	27.5	0	25.9	5.456
1	2011	30	12.1	27	0	30	6.152
1	2011	31	11	29.8	14.7	22.5	4.553
1	2011	32	17.3	27	10.6	8.5	1.429
1	2011	33	19.5	23.9	0	26.6	5.614
1	2011	34	10.9	26.8	0	30.2	6.114
1	2011	35	13.7	25.3	21.5	21.1	4.165
1	2011	36	15	20	71.5	6.1	0.795
1	2011	37	14.8	24.2	41.5	5.7	0.738
1	2011	38	15.6	21.6	0	14.8	2.716
1	2011	39	17.2	24.6	0	14.6	2.791
1	2011	40	16.5	27.8	0	25.9	5.496
1	2011	41	12.7	25.8	0	27.3	5.519
1	2011	42	16.1	24.2	68.4	14.9	2.82
1	2011	43	17.2	21.5	0	24.8	4.974
1	2011	44	11.8	21.5	0	22.8	4.298
1	2011	45	15	21.8	1.3	9.2	1.485
1	2011	46	13.9	23.2	0	29.8	5.991
1	2011	47	12.3	25.6	0	21	4.1
1	2011	48	16	24.1	0	8.6	1.398
1	2011	49	19.9	24.7	0	9.7	1.714
1	2011	50	20.4	27.1	0	20.9	4.452
1	2011	51	17.4	26.5	0	17.6	3.543
1	2011	52	19.3	25.8	0	11.9	2.24
1	2011	53	17.5	27.4	0	22.2	4.656
1	2011	54	15.8	23.2	0	16.5	3.141
1	2011	55	14.5	23.7	0	19	3.67
1	2011	56	14.9	25.5	4.5	16.4	3.16
1	2011	57	16.6	26.1	0	23	4.749
1	2011	58	18.2	27	0	19.1	3.938
1	2011	59	16.8	27.8	0	24.7	5.23
1	2011	60	15.1	28.1	3.8	21.7	4.47
1	2011	61	16.6	21.7	0	8.8	1.418
1	2011	62	14.7	24.6	0	24.2	4.869
1	2011	63	11.6	26	0	25.2	5.01
1	2011	64	11.8	25.5	0	21.2	4.12
1	2011	65	16.3	26.7	0	20.5	4.184
1	2011	66	16.9	26.4	0	20.7	4.242
1	2011	67	14.8	26.2	5.1	16.2	3.133
1	2011	68	18.1	25.1	0	21	4.308
1	2011	69	15.3	23.5	0	17.5	3.357
1	2011	70	13.7	24.4	0	24.4	4.858
1	2011	71	11.7	24.8	0	22.5	4.371
1	2011	72	12	24	0	24.3	4.738
1	2011	73	9.5	24.1	0	17.4	3.171
1	2011	74	13.3	25.6	0	18.2	3.516
1	2011	75	14.6	24.3	2	9.4	1.56
1	2011	76	14	26.2	0	18.9	3.717
1	2011	77	15.8	24.8	58.7	7.9	1.246
1	2011	78	17	22.4	29.1	5.6	0.718
1	2011	79	14.3	19.6	0	17.4	3.18
1	2011	80	5.6	20.5	0	24.3	4.281
1	2011	81	6.6	21.2	0	24.2	4.34
1	2011	82	8.2	23	0	23.2	4.29
1	2011	83	8.4	23.4	0	21.8	4.026
1	2011	84	7.7	22.8	0	21.1	3.829
1	2011	85	8.6	25.3	0	20.6	3.858
1	2011	86	11.2	25.7	0	16.5	3.079
1	2011	87	13	26.1	0	20.2	3.968
1	2011	88	14.4	25.2	0	16.7	3.204
1	2011	89	11.1	25.7	0	18.4	3.49
1	2011	90	12	26.4	0	20.6	4.031
1	2011	91	12.9	23.5	10.6	10.7	1.805
1	2011	92	10.7	22.9	0	19.6	3.635
1	2011	93	8.9	24.3	1.9	17.6	3.2
1	2011	94	12.6	20.8	25.7	6	0.762
1	2011	95	15.9	26.5	0	15.8	3.082
1	2011	96	16	23.6	0	15.7	2.98
1	2011	97	12	22.3	0	19.3	3.597
1	2011	98	14.3	18.9	10.6	6.5	0.865
1	2011	99	16.2	21.4	26.4	4.1	0.377
1	2011	100	17.7	22.8	1.4	6.4	0.906
1	2011	101	13	22.7	0	19.8	3.754
1	2011	102	8	22	0	18.6	3.301
1	2011	103	9.3	23.7	0	19.4	3.571
1	2011	104	5.6	22	0	17.7	3.04
1	2011	105	9.9	21.5	0	11.5	1.882
1	2011	106	7.8	21.3	0	16.4	2.826
1	2011	107	9.7	23.4	2.6	15.2	2.692
1	2011	108	14.2	23.5	10.2	15.2	2.817
1	2011	109	11.5	16.5	6.7	12.7	2.056
1	2011	110	4.9	18.5	0	13.6	2.127
1	2011	111	10.8	18.1	2.1	12.8	2.096
1	2011	112	4.9	18.6	0	17.2	2.813
1	2011	113	7.8	21.9	0	15	2.56
1	2011	114	9.6	20.6	0	10.2	1.594
1	2011	115	10	21.3	0	10.6	1.695
1	2011	116	5.4	22.5	0	16.7	2.851
1	2011	117	8.2	22.5	0	14.9	2.566
1	2011	118	8.9	21.9	0	14.4	2.466
1	2011	119	6.7	22.1	5.8	11.2	1.772
1	2011	120	13	18.9	8.5	4.8	0.501
1	2011	121	13.6	20.5	2.1	12.9	2.231
1	2011	122	9.9	14	4.9	9.9	1.433
1	2011	123	4.7	16.9	0	15.8	2.493
1	2011	124	10.3	19.3	0	11.1	1.767
1	2011	125	7.3	20.3	0	11.8	1.869
1	2011	126	10.5	18.4	0	7.2	0.969
1	2011	127	8.9	20.7	0	10.6	1.665
1	2011	128	9.5	21.4	6.5	8.5	1.256
1	2011	129	13.3	16.8	65.2	3.1	0.146
1	2011	130	12.6	17	0	7.9	1.118
1	2011	131	12.8	18.3	0	5	0.538
1	2011	132	11.5	16.9	0	6.9	0.904
1	2011	133	6.6	17.3	0	13.5	2.12
1	2011	134	2.6	19.5	0	12	1.797
1	2011	135	10.2	18.2	5.3	5.3	0.584
1	2011	136	14.2	17.3	7.5	3.4	0.21
1	2011	137	13.7	21.4	0	8.9	1.396
1	2011	138	12.7	21.2	0	9.4	1.486
1	2011	139	9.1	20.5	2	9.4	1.422
1	2011	140	9.9	21.8	5.2	6.2	0.79
1	2011	141	14.3	19.7	0	10.6	1.742
1	2011	142	12.1	20	0	10.9	1.771
1	2011	143	7	18.4	0	7.9	1.069
1	2011	144	9.1	18	0	6.8	0.872
1	2011	145	10	20.4	14.4	2.8	0.085
1	2011	146	13.6	22.6	0	10.6	1.78
1	2011	147	10.8	20.7	3	7.8	1.119
1	2011	148	11.4	18.8	0	10.2	1.594
1	2011	149	8.7	18.2	4.8	5.6	0.633
1	2011	150	9.2	17.2	4.9	7.3	0.963
1	2011	151	12.7	17.1	2.9	8.6	1.263
1	2011	152	7.3	14.3	0	10.2	1.452
1	2011	153	1.7	16.3	0	9.7	1.294
1	2011	154	4.1	16.3	0	6.7	0.791
1	2011	155	6	17.2	0	7.7	1.006
1	2011	156	7	16.7	0	8.2	1.106
1	2011	157	9.1	17.4	0	7.6	1.023
1	2011	158	6.2	14.7	0	5.5	0.574
1	2011	159	8.5	18.7	26.3	6.1	0.734
1	2011	160	11.8	18.6	45.5	0.9	0
1	2011	161	12.5	17.7	2.4	6.1	0.758
1	2011	162	10	16.7	0	8.2	1.143
1	2011	163	4.1	15.2	0	9.7	1.317
1	2011	164	6.6	15	0	7.3	0.913
1	2011	165	6.7	16	0	8.1	1.075
1	2011	166	7.5	17.5	0	9.6	1.393
1	2011	167	3.7	14.7	0	9	1.177
1	2011	168	7.8	15.5	0	4.2	0.344
1	2011	169	11.8	16.2	7.1	1.9	0
1	2011	170	13.3	20.4	0	7	0.975
1	2011	171	11.6	18.3	0	4.9	0.511
1	2011	172	10.8	17.4	3.1	4.6	0.442
1	2011	173	10.2	16.8	0	8.4	1.186
1	2011	174	3.7	13	6.2	5.4	0.524
1	2011	175	6	14.8	31.4	1.3	0
1	2011	176	10.8	17	17.2	6.1	0.739
1	2011	177	10.4	16.5	0	7.8	1.067
1	2011	178	6.9	15.4	0	6.4	0.752
1	2011	179	9.7	14.6	0	4.4	0.386
1	2011	180	8.5	15	0	5.5	0.591
1	2011	181	6.2	15.8	0	9.2	1.272
1	2011	182	2.6	15.2	11.3	3.5	0.197
1	2011	183	6.1	18.7	7.4	4.7	0.446
1	2011	184	9.9	16	9.6	4.3	0.373
1	2011	185	7.9	14.8	25.1	4.4	0.379
1	2011	186	7.1	16.1	0	9.1	1.271
1	2011	187	7.3	13.4	0	4	0.297
1	2011	188	7.7	14	8.6	2.4	0.003
1	2011	189	5.7	13.8	7.2	4.3	0.346
1	2011	190	7.3	14.5	1.4	7.9	1.027
1	2011	191	6.1	12.9	0	8.9	1.169
1	2011	192	1	13.9	5.1	8.3	1.001
1	2011	193	4.3	14.6	12.2	6.3	0.701
1	2011	194	6.8	14.5	0	5.3	0.54
1	2011	195	0.5	13.5	0	9.6	1.206
1	2011	196	0.4	13.3	0	9.7	1.217
1	2011	197	2.5	12.3	0	5.4	0.51
1	2011	198	2.5	12.3	0	5.4	0.51
1	2011	199	5.2	13.1	0	6.2	0.678
1	2011	200	5.9	15.5	10.1	8.3	1.097
1	2011	201	9	14.2	10.1	5	0.495
1	2011	202	7.1	14.7	22.1	6	0.673
1	2011	203	7.6	13.4	4.1	7	0.852
1	2011	204	7.9	15.5	13.9	5.8	0.648
1	2011	205	10.3	15.5	8	6.7	0.84
1	2011	206	9.2	15.2	20.8	6	0.693
1	2011	207	7.4	13.6	16.9	6.8	0.815
1	2011	208	8.7	15.2	14.4	5.9	0.67
1	2011	209	10.6	11.9	18.4	1.4	0
1	2011	210	4	10.7	3.9	6.8	0.745
1	2011	211	-0.6	12.2	0	8.9	1.05
1	2011	212	0.4	13.4	0	9	1.102
1	2011	213	-0.4	15.3	0	10.7	1.408
1	2011	214	0.2	15.1	0	10.7	1.416
1	2011	215	3	13	0	5.4	0.519
1	2011	216	7	13	2	2.1	0
1	2011	217	9.6	16.2	0	5.7	0.645
1	2011	218	10.9	16.3	12.6	5.1	0.537
1	2011	219	10.1	13.9	2.9	6.2	0.728
1	2011	220	3.9	9.2	0	6.4	0.662
1	2011	221	-2.1	11.8	0	11	1.349
1	2011	222	1	13.5	5.2	7.4	0.844
1	2011	223	6.3	14.4	0	8.6	1.143
1	2011	224	7.5	13.9	1.7	7.2	0.893
1	2011	225	7.2	14.7	0	8.1	1.066
1	2011	226	0.1	13.5	0	11.9	1.581
1	2011	227	-0.7	11.9	0	8.3	0.948
1	2011	228	2.9	13.5	0	9.2	1.179
1	2011	229	3	14.3	0	9	1.159
1	2011	230	1.5	14.4	0	12.3	1.703
1	2011	231	1.4	13.8	0	10	1.295
1	2011	232	0.5	13.9	0	4.4	0.339
1	2011	233	4.2	15	10.8	5.1	0.488
1	2011	234	3.3	13.4	0	8	0.975
1	2011	235	5.8	14.8	0	8.8	1.179
1	2011	236	4.2	16.2	7	11.8	1.726
1	2011	237	7.4	17.7	8.3	8.2	1.124
1	2011	238	7.7	16	0	7.7	1.011
1	2011	239	6	15.3	0	9.3	1.281
1	2011	240	6.4	12.9	6.9	10.7	1.498
1	2011	241	2.9	7.8	0	11.5	1.449
1	2011	242	-2.5	9.6	0	9.2	1.023
1	2011	243	0	11.7	0	12.7	1.665
1	2011	244	-0.2	13.1	0	14.2	1.942
1	2011	245	-1.3	13.8	0	14.9	2.045
1	2011	246	-0.9	13.6	0	15	2.068
1	2011	247	-2.3	13.7	0	14.4	1.931
1	2011	248	-0.5	15.5	0	15.2	2.173
1	2011	249	4	16.9	0	14.1	2.16
1	2011	250	4.9	14.5	0	7.4	0.904
1	2011	251	8	15.2	0	8.6	1.176
1	2011	252	7.6	16	0	14	2.208
1	2011	253	3.3	15.9	0	11.5	1.639
1	2011	254	5.5	16.3	0	9.6	1.344
1	2011	255	6.7	15.4	4	7.7	0.993
1	2011	256	9.9	17.2	4.4	6.7	0.852
1	2011	257	11	15.7	0	11.3	1.753
1	2011	258	7.4	14.9	2.2	11.8	1.764
1	2011	259	3.3	13.5	1.2	12.1	1.69
1	2011	260	1.1	13.6	0	12.3	1.674
1	2011	261	7	17	0	16.1	2.618
1	2011	262	2.7	17.2	0	16.2	2.508
1	2011	263	4.9	16.6	0	14	2.156
1	2011	264	4.1	16.3	0	14	2.129
1	2011	265	5.7	16.1	0	10.9	1.586
1	2011	266	4.1	17.4	0	17.8	2.862
1	2011	267	2.3	18.8	0	18.8	3.033
1	2011	268	7.8	13.7	26.2	3.5	0.207
1	2011	269	7.9	15.2	3.5	12.6	1.931
1	2011	270	8.5	14.4	8.9	14.8	2.341
1	2011	271	8	14.8	1.2	16.8	2.715
1	2011	272	9.7	16.1	4.4	12.5	1.969
1	2011	273	7.5	14.3	5.4	13.6	2.089
1	2011	274	7	16.3	0	12.6	1.935
1	2011	275	11.2	17.7	1.4	10	1.532
1	2011	276	13.9	19	19.7	5.9	0.737
1	2011	277	13.6	20	0	19.1	3.53
1	2011	278	9.7	19.8	2.4	16.5	2.858
1	2011	279	8	19.8	0	21.5	3.802
1	2011	280	6.7	18.2	0	20.7	3.531
1	2011	281	5.4	15.9	0	17	2.707
1	2011	282	7.6	17.1	0	18.9	3.177
1	2011	283	9.1	16.7	17.1	9	1.288
1	2011	284	12.4	21.1	14.1	15.3	2.724
1	2011	285	14.6	18.3	4	6.8	0.926
1	2011	286	13.1	17.4	7.8	10.8	1.722
1	2011	287	8.1	16.5	2.9	20.3	3.443
1	2011	288	7.1	17.2	2.7	17.8	2.953
1	2011	289	8	17.6	0	24.1	4.219
1	2011	290	3.2	17.5	18.9	10.6	1.511
1	2011	291	8.8	16.4	5.9	17.3	2.885
1	2011	292	7.8	15.5	5.4	16.3	2.636
1	2011	293	6.7	18.8	0	24.4	4.273
1	2011	294	7.3	20.3	0	24.1	4.311
1	2011	295	13	17.5	0	6	0.74
1	2011	296	8.9	19.5	0	14.5	2.425
1	2011	297	8	19.5	0	21.4	3.771
1	2011	298	7.5	19.8	0	23.9	4.257
1	2011	299	8.4	19.3	0	11.8	1.871
1	2011	300	11.8	20.9	3.5	12.6	2.138
1	2011	301	11.8	18.9	0	11.6	1.889
1	2011	302	11.8	19.1	2	12.5	2.078
1	2011	303	12.6	22.2	0	23.8	4.576
1	2011	304	8.4	21.3	0	17.5	3.067
1	2011	305	13.3	20.4	8.2	10.9	1.8
1	2011	306	15.3	20.7	1.4	18.3	3.441
1	2011	307	12.7	19.1	2.6	24.4	4.565
1	2011	308	11.6	18.2	2.2	25	4.594
1	2011	309	10.2	15.8	0	21.9	3.808
1	2011	310	6.2	15.2	3.4	14.4	2.228
1	2011	311	8.6	18.3	0	15.2	2.525
1	2011	312	9.4	18.4	0	14.8	2.47
1	2011	313	13.2	20.8	2.1	15.7	2.823
1	2011	314	14	21.1	0	25.7	4.997
1	2011	315	5.1	21.6	0	29.9	5.41
1	2011	316	7.2	18	0	15.8	2.595
1	2011	317	9.6	20.2	0	26.2	4.838
1	2011	318	6.2	19.5	0	26.7	4.729
1	2011	319	6.4	20.2	1.8	27.2	4.874
1	2011	320	11.8	20.6	0	24.5	4.614
1	2011	321	7.5	19	0	24	4.241
1	2011	322	9.1	17.8	0	27.8	5.007
1	2011	323	8	18.7	0	26.7	4.78
1	2011	324	8.2	19.3	0	25.9	4.663
1	2011	325	10.5	20.7	0	16.5	2.909
1	2011	326	10.3	20	0	24.4	4.495
1	2011	327	7	21.5	2.9	16.5	2.829
1	2011	328	13.1	18.5	2	21.2	3.894
1	2011	329	11.9	18.9	0	19	3.41
1	2011	330	12.6	19.2	0	25.1	4.71
1	2011	331	9.9	23.7	0	29.6	5.747
1	2011	332	11	22.3	0	15.5	2.761
1	2011	333	14.1	24.6	0	18.8	3.643
1	2011	334	12.4	22.7	0	26.8	5.233
1	2011	335	9.7	20.1	0	23.2	4.228
1	2011	336	10.4	23.1	0	23.4	4.433
1	2011	337	12.9	23.3	3	20.7	3.968
1	2011	338	13.9	20.1	15.7	8.3	1.254
1	2011	339	15.3	26.3	0	23.9	4.906
1	2011	340	15.9	23.1	1.9	22.4	4.454
1	2011	341	11	20.3	0	24.4	4.542
1	2011	342	8.7	24.5	0	32.5	6.334
1	2011	343	9.6	25.5	0	28.3	5.554
1	2011	344	16	20.6	0	16.8	3.135
1	2011	345	14.3	20.6	1.6	20.4	3.853
1	2011	346	14.4	18.1	11.5	9.5	1.486
1	2011	347	14.6	22.1	0	15.7	2.899
1	2011	348	16.7	19.6	13	8.3	1.283
1	2011	349	14.7	18.7	17	6.6	0.888
1	2011	350	13.2	21.6	9.4	19.3	3.615
1	2011	351	14.8	22.5	62	17.2	3.244
1	2011	352	10.2	14	9.2	7.7	1.017
1	2011	353	9.6	19.7	0	19.7	3.499
1	2011	354	11.3	22.2	1.9	24.8	4.728
1	2011	355	10.8	23.3	6.3	24.6	4.714
1	2011	356	13.7	22.7	3	21.9	4.236
1	2011	357	13.1	21.3	0	26.8	5.197
1	2011	358	10.7	23.4	1.1	28.4	5.521
1	2011	359	12.4	23	0	24.3	4.711
1	2011	360	14.8	23.2	0	20.8	4.059
1	2011	361	13.8	22.5	0	21.9	4.232
1	2011	362	13.7	22.2	0	22.4	4.323
1	2011	363	16.1	21.1	12.1	10.5	1.775
1	2011	364	17.4	22.2	20.2	8.6	1.391
1	2011	365	18.7	23.7	21.6	10.7	1.91
1	2012	1	19.1	23.1	5.7	14.3	2.732
1	2012	2	16.1	22.2	0	17.1	3.253
1	2012	3	15.2	21.3	1.1	14.5	2.632
1	2012	4	15.3	22.9	3.5	18.6	3.581
1	2012	5	13.5	23.3	0	21.4	4.144
1	2012	6	11.5	23.9	0	20.7	3.937
1	2012	7	15.1	18.8	55.1	5.9	0.744
1	2012	8	14.5	20.4	7	9.7	1.565
1	2012	9	15.5	23.7	1.1	26.4	5.355
1	2012	10	16.8	21.4	0	14.1	2.587
1	2012	11	13.3	24.3	0	25.4	5.054
1	2012	12	17.1	23.9	6.9	19.3	3.836
1	2012	13	16.3	21.7	2.3	23.5	4.655
1	2012	14	13.6	21.3	0	24.5	4.73
1	2012	15	12	22.8	0	21.7	4.127
1	2012	16	11.5	21.9	0	30.1	5.841
1	2012	17	9.9	23.2	0	25.7	4.899
1	2012	18	13.6	23.9	0	22.8	4.479
1	2012	19	11.1	22.8	0	21.5	4.048
1	2012	20	13.1	23.8	0	23.4	4.584
1	2012	21	14.9	23.4	0	25.1	5.022
1	2012	22	14.4	20	0	12.6	2.174
1	2012	23	8.4	20.4	0	30.6	5.672
1	2012	24	5.6	22.9	0	30.4	5.614
1	2012	25	11.2	22.4	0	22	4.142
1	2012	26	11.2	22.4	0	22	4.142
1	2012	27	13.5	18.7	5.7	12.4	2.085
1	2012	28	5.7	20.6	0	25.8	4.584
1	2012	29	12.4	21.9	0	22.8	4.341
1	2012	30	10.3	24.5	0	24.9	4.811
1	2012	31	11.3	24.5	0	24.3	4.729
1	2012	32	12.4	23.2	2.3	19.6	3.708
1	2012	33	16.3	23.3	1.8	19.6	3.708
1	2012	34	14.9	20.2	0	10.7	1.782
1	2012	35	14.6	21.5	0	16.9	3.142
1	2012	36	14.9	22	1.4	19.3	3.689
1	2012	37	13.1	20.6	0	12.7	2.18
1	2012	38	9.4	24.4	0	22.7	4.298
1	2012	39	10.8	26.2	0	22.9	4.479
1	2012	40	15.2	25.4	0	25.9	5.313
1	2012	41	11.3	24.7	1.9	23.2	4.501
1	2012	42	14.6	26.3	0	22.2	4.489
1	2012	43	14.1	22.4	2.2	15.1	2.763
1	2012	44	16.1	23.9	0	18.6	3.643
1	2012	45	13.9	23.3	0	17.8	3.372
1	2012	46	15.5	22.7	4	10.4	1.77
1	2012	47	12.3	25.2	3.4	21.6	4.215
1	2012	48	14	24.5	3.7	20.3	3.968
1	2012	49	12.8	24.7	0	23	4.523
1	2012	50	10.5	25.5	0	24.9	4.868
1	2012	51	14.1	25.1	0	21.1	4.173
1	2012	52	13.9	25.2	8.3	16.4	3.122
1	2012	53	16.6	22	4.5	7.6	1.156
1	2012	54	18.6	22.4	9.8	8.4	1.364
1	2012	55	15.5	22.3	0	21.4	4.184
1	2012	56	12.9	21.1	0	21.1	3.968
1	2012	57	7.3	22.3	0	24.5	4.483
1	2012	58	9	22.1	0	23.7	4.388
1	2012	59	8.3	20.6	13	13.1	2.156
1	2012	60	11.4	21.2	3.2	12.5	2.115
1	2012	61	13.2	19.3	0	22	4.096
1	2012	62	12.4	18.9	10.6	10.6	1.695
1	2012	63	13	17.6	1.4	16.4	2.871
1	2012	64	7.1	20.3	0	22	3.885
1	2012	65	6.1	22	0	24.8	4.473
1	2012	66	9	20.7	0	16.4	2.844
1	2012	67	8.1	25	0	19	3.491
1	2012	68	13.1	21	0	13.1	2.274
1	2012	69	10.7	23	0	23	4.357
1	2012	70	10.4	21.9	0	13.7	2.358
1	2012	71	13.8	22.4	12.6	7.9	1.195
1	2012	72	15.7	20	0	13.3	2.353
1	2012	73	12.3	22.9	0	21.5	4.101
1	2012	74	8.9	22.1	0	20.7	3.767
1	2012	75	12.5	20	0	11.7	1.945
1	2012	76	5.4	22.2	0	21.8	3.854
1	2012	77	10	20.9	0	18.6	3.332
1	2012	78	11.5	22.7	6	14.1	2.489
1	2012	79	14.6	19.5	24.7	4.5	0.449
1	2012	80	13.8	23.8	0	14	2.551
1	2012	81	18	21.6	19.2	7.2	1.078
1	2012	82	14.5	23.6	0	15.1	2.806
1	2012	83	16	21.8	0	14.2	2.599
1	2012	84	12.2	23.6	6.3	11.6	1.989
1	2012	85	14.9	20.7	0	17.5	3.255
1	2012	86	9.3	19.9	0	17.5	3.255
1	2012	87	5.6	20.3	0	16	2.654
1	2012	88	7.5	22.6	0	18.5	3.284
1	2012	89	8.8	21.9	0	17.6	3.12
1	2012	90	6.3	21.3	0	17.5	3
1	2012	91	9.9	21.5	0	17.7	3.163
1	2012	92	10.1	21.3	0	12.3	2.048
1	2012	93	13.3	20.7	0	8.6	1.318
1	2012	94	14.1	24.3	0	15.2	2.836
1	2012	95	17	24.9	0	15.2	2.93
1	2012	96	17.1	24.1	0	17.2	3.366
1	2012	97	8.4	22.4	0	16	2.795
1	2012	98	8.3	21.2	0	13.3	2.21
1	2012	99	10.3	22.2	0	14.6	2.551
1	2012	100	6.2	22.5	0	16.4	2.815
1	2012	101	7.1	21.1	0	11.4	1.801
1	2012	102	11.4	21.2	32.8	9.2	1.425
1	2012	103	13.9	20.3	0	10	1.618
1	2012	104	9	18.9	0	11.6	1.835
1	2012	105	12.4	22.4	0	16.1	2.931
1	2012	106	9.1	21.5	0	13.2	2.215
1	2012	107	9.3	20.3	0	10	1.544
1	2012	108	6	20.8	0	15	2.483
1	2012	109	9.5	18.9	0	15.5	2.625
1	2012	110	3.5	19.4	0	15.9	2.549
1	2012	111	5.6	18.8	0	11.8	1.805
1	2012	112	3.6	19.4	0	15.1	2.401
1	2012	113	3.6	19.6	0	15.2	2.425
1	2012	114	4.8	20.2	0	14.3	2.3
1	2012	115	8.3	20	0	11.5	1.823
1	2012	116	8.8	20	0	11.8	1.893
1	2012	117	6.5	20.6	2.8	11.9	1.879
1	2012	118	12.1	21.2	4.7	10.6	1.729
1	2012	119	11.9	17.9	0	8.6	1.263
1	2012	120	10.1	17	1.8	6.4	0.793
1	2012	121	11.6	16.8	0	9.5	1.424
1	2012	122	4.7	17.8	0	12.1	1.824
1	2012	123	2.5	14.5	0	13.5	1.939
1	2012	124	0.3	15.2	0	14	1.984
1	2012	125	1.7	18	0	13.2	1.958
1	2012	126	1.8	18.1	0	13.1	1.946
1	2012	127	2.2	17.5	0	12.9	1.904
1	2012	128	5.2	17.1	0	9.1	1.258
1	2012	129	10.1	19.2	34.7	6.5	0.832
1	2012	130	13.7	18.7	3.1	4.9	0.525
1	2012	131	11.4	19.2	0	7.7	1.089
1	2012	132	9.9	17	0	11.4	1.776
1	2012	133	7.8	17.4	0	10.5	1.57
1	2012	134	7.4	19	5	6.1	0.728
1	2012	135	12.3	16.7	14.2	3.5	0.225
1	2012	136	10	15.4	8.6	6.5	0.798
1	2012	137	8.6	14.3	3.7	7	0.87
1	2012	138	2	15.1	0	7.2	0.841
1	2012	139	7.3	16.5	0	8.9	1.241
1	2012	140	7.6	15.3	0	8.9	1.241
1	2012	141	1	15	0	10.9	1.465
1	2012	142	3.1	15.8	0	9.1	1.203
1	2012	143	2.1	15.6	0	11	1.518
1	2012	144	-0.5	15.4	0	10.1	1.306
1	2012	145	1.9	15.4	0	7.2	0.844
1	2012	146	4.4	17.5	0	7.5	0.954
1	2012	147	6.2	14.7	0	5.4	0.556
1	2012	148	8.4	16.9	15.7	5	0.506
1	2012	149	7.2	13.8	0	10.5	1.498
1	2012	150	7.2	13.8	0	10.5	1.498
1	2012	151	-1.5	11.4	0	6.9	0.709
1	2012	152	2.6	16.5	0	8.7	1.134
1	2012	153	1.4	14.7	0	10.1	1.329
1	2012	154	-0.1	14.2	0	8.3	0.99
1	2012	155	3.1	15.8	0	7	0.827
1	2012	156	8.8	15.2	0	5.8	0.652
1	2012	157	6.2	15.8	6.3	2.3	0
1	2012	158	9.7	17.9	15.4	3.7	0.261
1	2012	159	9.7	14.4	0	8.7	1.207
1	2012	160	1.8	14.5	1.6	8.2	1.004
1	2012	161	5.1	15.4	0	7.2	0.884
1	2012	162	7.4	14.6	0	5.8	0.638
1	2012	163	7.7	15.3	0	7	0.871
1	2012	164	7.5	13.6	0	8.5	1.13
1	2012	165	-2.4	11.3	0	10.1	1.193
1	2012	166	-1.2	13.8	0	10	1.246
1	2012	167	1.2	9.8	0	4.1	0.274
1	2012	168	-0.7	11.3	0	10.1	1.225
1	2012	169	-3.1	11.4	0	9.5	1.089
1	2012	170	-0.5	13.7	18.4	2.2	0
1	2012	171	5.1	16.2	4.4	6.6	0.781
1	2012	172	8.5	15.7	2.4	5.9	0.673
1	2012	173	7.1	16.2	0	7.9	1.045
1	2012	174	3.1	15.5	0	7.1	0.841
1	2012	175	4.3	15.8	8.1	5.9	0.642
1	2012	176	7.5	14.7	7.1	6.1	0.695
1	2012	177	4.4	14.4	2.8	7.1	0.843
1	2012	178	5.5	13.9	7.3	5.2	0.508
1	2012	179	4.7	12.7	4.1	7.8	0.95
1	2012	180	7.3	14.1	0	7.4	0.93
1	2012	181	7.7	13	0	9.5	1.309
1	2012	182	-2.7	10.6	0	8.9	0.991
1	2012	183	0.3	12.1	0	8.8	1.047
1	2012	184	0.9	11.8	1.3	8.6	1.019
1	2012	185	4.5	11	16.2	2.3	0
1	2012	186	4.9	13.1	2.9	4.4	0.356
1	2012	187	4.3	8.2	0	3.8	0.231
1	2012	188	1.6	15.1	0	8.4	1.045
1	2012	189	0.6	13.1	0	10	1.267
1	2012	190	-2.2	11.6	0	10	1.187
1	2012	191	-0.7	13.4	0	10	1.248
1	2012	192	-0.8	13.9	0	9.9	1.239
1	2012	193	-1.9	11	0	5.1	0.421
1	2012	194	1.4	12.9	0	5.7	0.556
1	2012	195	5.4	14.6	0	8	1.021
1	2012	196	4.2	13.9	2	4.8	0.428
1	2012	197	6.4	14.3	39.7	1.5	0
1	2012	198	12.4	15.5	12.2	2.2	0
1	2012	199	9.1	15.3	0	9.8	1.422
1	2012	200	-0.7	14.3	0	10.7	1.381
1	2012	201	-0.4	14.3	0	10.5	1.354
1	2012	202	0.8	15.3	0	8.8	1.105
1	2012	203	6.6	15	0	6.1	0.69
1	2012	204	10.1	14.7	32.2	2.2	0
1	2012	205	11.7	15.7	30.2	1.8	0
1	2012	206	10.8	18.1	20	5.3	0.587
1	2012	207	10.9	16.2	0	5.1	0.536
1	2012	208	7.6	14.6	0	11.3	1.668
1	2012	209	1.6	13.3	0	11.8	1.594
1	2012	210	1.4	13.5	0	10.8	1.425
1	2012	211	6.2	13.8	17.4	6.1	0.675
1	2012	212	10	15.7	10.5	7.2	0.936
1	2012	213	2.9	14	1.2	8.9	1.135
1	2012	214	4.8	15.1	0	7.5	0.929
1	2012	215	7.5	13.3	15.1	3.6	0.224
1	2012	216	8.1	16	1.4	9.5	1.36
1	2012	217	9.2	14.3	6.9	5.7	0.629
1	2012	218	8.7	14.1	0	7	0.869
1	2012	219	7.9	14.9	1.2	7.6	0.982
1	2012	220	5.1	15.1	4.8	7.1	0.862
1	2012	221	6.7	12.2	4	6.7	0.773
1	2012	222	5.4	14.1	0	9.3	1.249
1	2012	223	2.3	15.3	0	10.8	1.48
1	2012	224	2.2	16.9	25.2	11.1	1.565
1	2012	225	8.5	15.2	23.2	4.1	0.326
1	2012	226	9.1	16.1	1.3	11.2	1.705
1	2012	227	7.9	15.1	2.1	7.5	0.966
1	2012	228	4.7	15.2	8.4	8.3	1.074
1	2012	229	7	14.4	2.9	9.9	1.393
1	2012	230	5.2	15.4	1.1	10.3	1.454
1	2012	231	7.1	16.7	0	10.9	1.622
1	2012	232	6.9	15.7	9.6	5.4	0.567
1	2012	233	9.4	15.6	7.8	7.9	1.064
1	2012	234	7	15.7	0	12.3	1.866
1	2012	235	3.3	16.9	0	15.1	2.326
1	2012	236	4.7	17.1	0	14.2	2.201
1	2012	237	3	16.3	0	13.6	2.02
1	2012	238	2.2	16.3	0	13.7	2.016
1	2012	239	5.1	16	0	10.9	1.573
1	2012	240	8.4	16.6	2.9	8.4	1.161
1	2012	241	5.9	14.7	0	14.5	2.226
1	2012	242	1	15.5	0	15.4	2.255
1	2012	243	4.3	16.9	0	14.2	2.186
1	2012	244	4.6	17.9	0	15.4	2.444
1	2012	245	2.8	14.8	0	14.3	2.096
1	2012	246	7.3	16	4.5	11.3	1.689
1	2012	247	10.6	14.3	21.8	4.1	0.331
1	2012	248	8.5	14.7	4	12.9	1.99
1	2012	249	8.4	15.5	0	13.8	2.177
1	2012	250	9.5	17.3	0	11.5	1.794
1	2012	251	9.6	16.5	1.9	5.9	0.687
1	2012	252	12	17.7	7.3	11	1.748
1	2012	253	8.5	16.2	9.9	13.8	2.196
1	2012	254	8.1	15	4.3	15.6	2.498
1	2012	255	9.8	14.7	6.7	14.3	2.287
1	2012	256	3.2	11.6	0	19.4	2.877
1	2012	257	-1.9	14	0	17.9	2.52
1	2012	258	0.9	15.3	0	15	2.176
1	2012	259	3.5	16.5	14.3	8.4	1.094
1	2012	260	9.9	16	11	6.7	0.841
1	2012	261	9.1	16.2	0	12.8	2.017
1	2012	262	8.6	16.7	0	19.5	3.314
1	2012	263	6.1	14.7	0	12.2	1.808
1	2012	264	5.3	16.1	0	13.6	2.08
1	2012	265	5.1	15.8	0	21.1	3.451
1	2012	266	3.6	15.3	0	19.1	2.994
1	2012	267	5.7	15.4	0	17	2.701
1	2012	268	4.8	15.4	0	13.7	2.069
1	2012	269	3.6	16.4	0	16.6	2.585
1	2012	270	7.6	16.9	0	13.9	2.21
1	2012	271	10.4	16.2	1.1	10	1.496
1	2012	272	11	19.2	0	9.7	1.492
1	2012	273	11.4	20.7	0	16.5	2.936
1	2012	274	7.5	19.6	1.8	19.5	3.379
1	2012	275	9.9	17.1	5.8	14.3	2.35
1	2012	276	6.8	15.4	2.3	16.7	2.679
1	2012	277	8.6	16	0	16.3	2.674
1	2012	278	9.8	15.9	4.3	14.9	2.434
1	2012	279	4.8	16.3	2.6	14.1	2.165
1	2012	280	10.9	16.7	2.2	16.7	2.842
1	2012	281	5.2	15.5	0	17.3	2.744
1	2012	282	5.4	18.6	3.5	6.5	0.786
1	2012	283	10	18	0	17.1	2.933
1	2012	284	5.2	17.7	0	17	2.756
1	2012	285	6	18.1	0	22.8	3.902
1	2012	286	4.5	19.7	2	23.2	3.983
1	2012	287	10	17.7	10	8.2	1.155
1	2012	288	9.3	15.3	0	20.8	3.539
1	2012	289	7	15.6	0	18.5	3.029
1	2012	290	8.7	15.7	0	23.2	3.991
1	2012	291	10.3	18	9	16.5	2.823
1	2012	292	11.1	16.2	17.2	16.4	2.773
1	2012	293	9.2	14.6	0	23.4	4.003
1	2012	294	4.6	16.1	1.8	20.8	3.387
1	2012	295	8.2	16.3	25.8	3.2	0.156
1	2012	296	11.8	17.2	0	18.1	3.166
1	2012	297	9.2	14.3	1.1	12.5	1.92
1	2012	298	1.1	17.4	0	28.2	4.599
1	2012	299	2.4	16.3	0	21	3.325
1	2012	300	6.8	18.6	0	24.6	4.307
1	2012	301	4.7	20.1	0	22.6	3.893
1	2012	302	7.7	19.7	1.3	15.8	2.657
1	2012	303	12.5	21.8	0	14.1	2.491
1	2012	304	11.5	22.7	0	27	5.229
1	2012	305	9.1	20.4	0	25.2	4.62
1	2012	306	8.5	22.1	0	24.5	4.53
1	2012	307	11.5	18.4	0	12.6	2.077
1	2012	308	12.2	18.4	2.7	11.4	1.847
1	2012	309	6.6	16.3	0	27.2	4.68
1	2012	310	4.3	17.1	0	20.8	3.415
1	2012	311	5.8	18.9	0	22.7	3.908
1	2012	312	5.5	18.4	0	27.1	4.713
1	2012	313	5.6	19.1	0	26.5	4.639
1	2012	314	6.4	19.6	0	26.4	4.686
1	2012	315	5.3	20	0	29.4	5.232
1	2012	316	7.3	17.4	0	12.2	1.888
1	2012	317	9.9	17.8	7.7	16.5	2.805
1	2012	318	9.1	18.1	0	19.1	3.304
1	2012	319	6.6	16.4	0	20.3	3.382
1	2012	320	8	17.1	2.1	10.6	1.587
1	2012	321	9.8	18.2	0	20.6	3.631
1	2012	322	9.8	16.8	11.4	5.4	0.592
1	2012	323	11.2	16.9	1.4	23.2	4.154
1	2012	324	7.1	18.2	0	22	3.798
1	2012	325	4.6	19	0	26.7	4.621
1	2012	326	5.2	22.5	0	29.9	5.468
1	2012	327	7.4	22.9	0	29.2	5.476
1	2012	328	7.8	22.3	0	23.9	4.384
1	2012	329	7.4	20.5	0	25.3	4.563
1	2012	330	7.5	20.9	0	22.4	4.007
1	2012	331	11.2	20.8	0	18.8	3.411
1	2012	332	13.4	21.2	0	29.5	5.783
1	2012	333	10.3	21	0	21.7	3.985
1	2012	334	9.8	20.1	0	21.8	3.948
1	2012	335	10.4	18.6	0	23	4.153
1	2012	336	5.6	20.1	0	29	5.177
1	2012	337	10.8	19.1	10.3	8.9	1.325
1	2012	338	15.5	21.8	0	26.4	5.258
1	2012	339	6.3	21.5	5.5	18.3	3.166
1	2012	340	13.2	21	6.9	10.1	1.639
1	2012	341	17.1	23.3	15.1	7.7	1.199
1	2012	342	12.3	18.1	8.6	19.8	3.56
1	2012	343	9.9	21.9	0	29.5	5.623
1	2012	344	6.8	22.2	0	31.6	5.886
1	2012	345	7.2	23	0	31.3	5.898
1	2012	346	9.4	21.6	0	19.5	3.52
1	2012	347	10.9	23.4	0	20.2	3.788
1	2012	348	13.7	23.5	0	17.9	3.394
1	2012	349	14.1	24.2	0	23.7	4.712
1	2012	350	9.6	25.2	0	29	5.687
1	2012	351	9.8	25.1	0	27	5.265
1	2012	352	15.6	22.6	0	14	2.565
1	2012	353	16.8	24.7	0	15	2.874
1	2012	354	16.8	24.3	0	20.6	4.134
1	2012	355	10	26.8	0	28.8	5.756
1	2012	356	14.5	24.9	14.9	16.7	3.198
1	2012	357	14.3	26.4	0	25.3	5.182
1	2012	358	16	26.7	7.4	19	3.827
1	2012	359	18.4	26.3	5.9	17.4	3.522
1	2012	360	19.2	26.1	0	20.5	4.272
1	2012	361	19.5	23.9	5.9	14.5	2.809
1	2012	362	18.6	25.9	5.7	17.2	3.469
1	2012	363	17.7	22.6	6.9	9.8	1.671
1	2012	364	17.1	27.1	0	23.5	4.931
1	2012	365	16.8	25.9	3.5	18.6	3.735
1	2012	366	14.4	22.1	0	30.6	6.13
1	2013	1	10.9	23.6	0	30.3	5.948
1	2013	2	10.7	24.2	2.8	27.3	5.329
1	2013	3	14.8	19.3	0	12.2	2.083
1	2013	4	7	21.3	0	27.5	5.023
1	2013	5	8.4	27	0	32.4	6.452
1	2013	6	9.6	28.6	0	28.6	5.79
1	2013	7	13	25.7	0	31.3	6.417
1	2013	8	14.2	21.8	0	20.2	3.852
1	2013	9	11.4	28	0	28.1	5.745
1	2013	10	15.4	27.1	0	26.5	5.545
1	2013	11	13.9	25.6	0	17.6	3.402
1	2013	12	13.9	27.7	0	30.1	6.32
1	2013	13	15.6	27.5	0	20.9	4.281
1	2013	14	17	24.4	0	9.1	1.528
1	2013	15	17.9	24	3.8	15.4	2.976
1	2013	16	14	21.4	0	19.6	3.7
1	2013	17	12.1	21.7	1.8	19.8	3.685
1	2013	18	8.7	20.7	0	27.2	5.02
1	2013	19	5.9	21.4	0	25.5	4.574
1	2013	20	12.4	25.7	0	25.9	5.189
1	2013	21	11.1	26.5	0	24.1	4.769
1	2013	22	12.4	26.2	0	29.3	5.967
1	2013	23	15.5	26.3	0	22.8	4.664
1	2013	24	14.4	27.4	0	23.5	4.824
1	2013	25	17.1	26.5	0	21.3	4.393
1	2013	26	11.9	23.9	0	28	5.528
1	2013	27	10.6	26	0	29.1	5.81
1	2013	28	10.9	27	0	30.8	6.258
1	2013	29	9	28.7	0	30.2	6.114
1	2013	30	11.9	25.9	0	28.2	5.68
1	2013	31	12.3	27.2	0	24.1	4.856
1	2013	32	12.6	25.9	0	21.3	4.19
1	2013	33	13.9	26.7	0	22.1	4.454
1	2013	34	12.3	27.9	5.8	24.5	4.978
1	2013	35	18.2	26.1	14.1	9.1	1.569
1	2013	36	16.3	23.3	0	23	4.614
1	2013	37	5.6	23.4	0	29.6	5.483
1	2013	38	9.4	24.8	0	24.7	4.74
1	2013	39	11.6	26.2	0	25.1	4.998
1	2013	40	9.2	25.1	0	28.8	5.617
1	2013	41	8	27	0	28.7	5.634
1	2013	42	9.8	26.5	0	26.9	5.316
1	2013	43	9.6	26.4	0	25.5	4.998
1	2013	44	11.1	23.7	0	17.3	3.187
1	2013	45	9.8	23.3	0	27.7	5.319
1	2013	46	10.6	23.8	0	19.8	3.707
1	2013	47	10.9	24.5	0	22.9	4.41
1	2013	48	11.1	25.6	0	21.3	4.118
1	2013	49	11.7	28.1	0	22.4	4.488
1	2013	50	13.7	28.5	0	22.1	4.521
1	2013	51	15.7	26.4	0	20.2	4.081
1	2013	52	10.9	27.3	0	23.9	4.752
1	2013	53	12.6	27.3	0	19.4	3.819
1	2013	54	10.8	27.4	0	25.5	5.105
1	2013	55	10.6	27.9	0	25.8	5.186
1	2013	56	10	28	0	24.6	4.897
1	2013	57	10.8	26.8	0	25.9	5.164
1	2013	58	12	27.6	0	20.6	4.077
1	2013	59	11.8	26.2	0	20.4	3.971
1	2013	60	12.1	25.4	0	23.8	4.698
1	2013	61	11.2	25.7	0	19.5	3.733
1	2013	62	14.3	27.5	0	20.1	4.047
1	2013	63	14	24.2	0	18.6	3.581
1	2013	64	10.2	23	0	14.2	2.485
1	2013	65	12.6	24.4	0	16.5	3.082
1	2013	66	9.2	27.3	0	19.1	3.632
1	2013	67	11.7	27.8	0	22	4.386
1	2013	68	10.9	27.6	0	23.5	4.677
1	2013	69	10.5	28.8	0	23.1	4.623
1	2013	70	8.2	30.5	0	23.9	4.775
1	2013	71	10.6	28.6	0	22.9	4.574
1	2013	72	10.9	27.9	0	19.5	3.802
1	2013	73	9.9	26.9	0	15.8	2.923
1	2013	74	13.3	26.9	0	15.8	3.019
1	2013	75	13.7	24.7	0	11.9	2.105
1	2013	76	16.9	22.1	14.2	5.6	0.715
1	2013	77	18.7	25.1	12.8	12.8	2.423
1	2013	78	16.7	23.9	2.2	18.3	3.596
1	2013	79	12.7	22.6	0	16.5	3.031
1	2013	80	8.5	23.8	0	21.1	3.901
1	2013	81	8.2	24.1	0	18.9	3.442
1	2013	82	11.2	24.4	0	18.2	3.406
1	2013	83	9	24.1	0	19.3	3.554
1	2013	84	11	24.4	0	15.5	2.819
1	2013	85	9.5	25.2	0	16.9	3.099
1	2013	86	10.7	26.5	0	18.4	3.503
1	2013	87	13.6	26.7	0	17.3	3.36
1	2013	88	13.1	24.4	0	14.3	2.614
1	2013	89	13.6	24.3	0	11	1.897
1	2013	90	14.5	26.6	2.7	13.6	2.546
1	2013	91	16.3	24.6	0	11.9	2.156
1	2013	92	11.8	25.9	0	14.4	2.641
1	2013	93	14.4	25.5	8.5	12	2.158
1	2013	94	16	20.9	2	8.9	1.421
1	2013	95	11.8	22.6	0	15.5	2.791
1	2013	96	10.9	20.3	1.6	11.5	1.879
1	2013	97	6.2	20	0	14.3	2.33
1	2013	98	2.4	20.6	0	17.7	2.891
1	2013	99	4	21.2	0	16.7	2.769
1	2013	100	7.5	21.3	0	16.4	2.817
1	2013	101	4.7	22	0	15.6	2.598
1	2013	102	7.9	22.5	0	12.9	2.149
1	2013	103	8	23	0	14.2	2.43
1	2013	104	7.5	22.3	0	12.6	2.075
1	2013	105	10.9	20.5	13.2	5.5	0.643
1	2013	106	15.1	21.9	6.8	5.9	0.767
1	2013	107	16.9	21	1.2	5.6	0.708
1	2013	108	14.5	21.6	0	11.4	1.951
1	2013	109	9.1	20.7	5.1	9.7	1.486
1	2013	110	13	20.5	13.2	7.5	1.079
1	2013	111	14.8	21.3	54.2	6	0.782
1	2013	112	13.3	21.4	2.6	8.8	1.369
1	2013	113	9.2	20.5	6.4	11	1.748
1	2013	114	12.3	20.2	6.1	8	1.173
1	2013	115	13.3	20.8	1.8	10.8	1.786
1	2013	116	10.4	19.9	5.7	11.1	1.78
1	2013	117	12.3	20.7	0	9.4	1.472
1	2013	118	10.7	22	0	10.9	1.782
1	2013	119	10.1	21.9	0	12.1	2.019
1	2013	120	12	22	0	10	1.614
1	2013	121	8.2	21	0	13.7	2.284
1	2013	122	9.8	19.6	0	7.3	0.994
1	2013	123	9.2	21.1	0	10.1	1.575
1	2013	124	12.5	21	20.5	7.7	1.121
1	2013	125	10	19.3	24.2	7.2	0.973
1	2013	126	11.5	16.2	4.4	5.5	0.619
1	2013	127	6.6	19.5	0	12.7	2.015
1	2013	128	5.3	17.6	1.4	8.8	1.21
1	2013	129	10.1	18.5	1.9	7.5	1.026
1	2013	130	9	17	36.4	5.3	0.569
1	2013	131	7.6	16.8	0	12.3	1.901
1	2013	132	3.1	18.3	0	12.2	1.82
1	2013	133	4.2	21	0	11.6	1.783
1	2013	134	6.2	15	0	6.4	0.743
1	2013	135	7	17.7	0	6.8	0.849
1	2013	136	6.6	20.5	0	11.2	1.74
1	2013	137	7.9	17.2	20.2	3.1	0.138
1	2013	138	11.7	17.8	12.2	4.6	0.449
1	2013	139	11	18.3	11.6	6.9	0.912
1	2013	140	8.5	17.7	0	7.4	0.981
1	2013	141	7.3	17	0	6.2	0.731
1	2013	142	7.7	17.3	14	5.9	0.678
1	2013	143	10.1	17.7	0	7.6	1.037
1	2013	144	4.4	17.3	0	11	1.603
1	2013	145	3.6	16.9	32.3	2.5	0.021
1	2013	146	7.6	17.6	0	8.1	1.105
1	2013	147	9.8	17.6	11	8.7	1.251
1	2013	148	5.5	9.1	1.9	3.5	0.188
1	2013	149	1.5	12.5	0	10.6	1.373
1	2013	150	-0.2	13.9	0	9.1	1.117
1	2013	151	3.5	15.1	0	5.4	0.538
1	2013	152	7.5	16.3	0	6.1	0.708
1	2013	153	5.7	15.8	0	4.5	0.393
1	2013	154	3.6	14.2	0	5.5	0.55
1	2013	155	4.9	15	20.3	1.5	0
1	2013	156	9	16.9	0	6.9	0.88
1	2013	157	7.1	14.6	0	6.2	0.71
1	2013	158	3.9	16.4	0	9	1.211
1	2013	159	5.1	15.9	23.1	8.8	1.184
1	2013	160	8	11.6	17.4	1.6	0
1	2013	161	3.4	14.8	0	5.9	0.624
1	2013	162	3.4	16.2	0	7.1	0.853
1	2013	163	5.3	17.3	0	7.8	1.018
1	2013	164	4.7	15.8	19.8	6.5	0.755
1	2013	165	8.4	14.7	0	5.2	0.532
1	2013	166	4.5	14.5	1.4	2.6	0.039
1	2013	167	7.4	16.1	21	1.1	0
1	2013	168	11.9	18.2	7.2	4.4	0.411
1	2013	169	12	18.2	20	5.7	0.676
1	2013	170	9.8	15.3	11.9	3.9	0.293
1	2013	171	7.1	10.4	18.2	4	0.284
1	2013	172	4.1	12.6	0	9.4	1.219
1	2013	173	3.4	13.5	0	9.3	1.205
1	2013	174	-0.3	10.3	0	5.7	0.521
1	2013	175	-2	12.7	0	8	0.893
1	2013	176	0.2	13.4	0	5.6	0.534
1	2013	177	5.4	12.4	0	4	0.285
1	2013	178	4.3	10.6	0	3	0.104
1	2013	179	2.3	13.6	0	7.8	0.93
1	2013	180	-0.9	12.7	0	9	1.07
1	2013	181	1.9	13.5	0	6.8	0.753
1	2013	182	3	15.4	0	7.4	0.892
1	2013	183	3.9	15.1	0	6.4	0.72
1	2013	184	5.9	12	4.3	2.3	0
1	2013	185	7.6	18.2	0	9	1.288
1	2013	186	6	17	0	5.2	0.531
1	2013	187	10.1	16.8	0	7.4	0.988
1	2013	188	5.1	16.9	1.1	8.7	1.179
1	2013	189	5.3	14.3	0	8.5	1.106
1	2013	190	0.6	14.1	10.5	9	1.117
1	2013	191	3.4	12.9	0	6.7	0.745
1	2013	192	2.6	12.3	5.8	6.1	0.629
1	2013	193	3.3	14.5	0	8.5	1.079
1	2013	194	2.8	12.8	0	6.7	0.738
1	2013	195	2.9	14.7	5.2	8.6	1.093
1	2013	196	1.8	10.2	0	10	1.235
1	2013	197	-2.5	13.4	0	10.7	1.326
1	2013	198	0.1	12.8	0	4.6	0.364
1	2013	199	6.5	14	0	6.2	0.7
1	2013	200	7.2	15.7	1.4	8.4	1.134
1	2013	201	7.3	13.8	1.1	4.2	0.335
1	2013	202	9.2	14.3	0	5.1	0.515
1	2013	203	5	14.4	0	8.3	1.067
1	2013	204	4.1	14.4	1.6	5.4	0.537
1	2013	205	5.8	13.4	0	2.7	0.057
1	2013	206	6.3	15.5	0	8.4	1.12
1	2013	207	7.2	14.9	0	6.6	0.788
1	2013	208	5.6	16.1	0	9.1	1.249
1	2013	209	1.8	16.5	0	10.4	1.424
1	2013	210	1.1	15	0	9.9	1.294
1	2013	211	0.9	15.5	0	10.6	1.421
1	2013	212	2.4	14.8	0	7.5	0.895
1	2013	213	6.1	14.4	0	5.6	0.59
1	2013	214	10.6	15.1	0	3.4	0.197
1	2013	215	8.7	18.7	0	8.5	1.211
1	2013	216	6.7	16.7	0	5.9	0.667
1	2013	217	7.4	17.1	0	8.5	1.174
1	2013	218	7.3	17.7	0	11.2	1.701
1	2013	219	5	18	0	8.9	1.23
1	2013	220	6.3	18.6	0	10.6	1.584
1	2013	221	4.4	17.5	0	12.3	1.849
1	2013	222	7.3	15.8	2.6	4.2	0.343
1	2013	223	10.7	15.8	4.3	6.8	0.866
1	2013	224	8.6	15	2.3	10.2	1.485
1	2013	225	8	16.5	1.3	10.1	1.481
1	2013	226	8.3	15.3	0	10.1	1.466
1	2013	227	5.7	16	0	10.1	1.435
1	2013	228	5.7	15.3	15.5	6.7	0.796
1	2013	229	7.4	16.4	1.8	10.4	1.527
1	2013	230	9.7	18.7	0	12.1	1.945
1	2013	231	6.2	17.2	2.9	10.6	1.558
1	2013	232	8.2	15.1	0	8.9	1.234
1	2013	233	6	14.6	24.6	5.2	0.517
1	2013	234	9.7	18	1.6	10.3	1.573
1	2013	235	5	15.8	2.3	9.6	1.329
1	2013	236	3	15.3	1.6	9.1	1.193
1	2013	237	6.6	15.5	4.9	5.3	0.545
1	2013	238	4.2	14.8	0	9.2	1.222
1	2013	239	6.9	16.2	0	12.7	1.95
1	2013	240	4.4	16.4	0	12	1.771
1	2013	241	6.6	12.9	11.6	4.9	0.454
1	2013	242	5.2	15	0	9.8	1.356
1	2013	243	1.7	15.9	0	16.3	2.448
1	2013	244	2.9	16.2	0	13	1.907
1	2013	245	2.7	16.7	0	16.8	2.6
1	2013	246	2.6	16.8	0	17.3	2.69
1	2013	247	2.1	13.9	15.9	6.3	0.673
1	2013	248	6.7	15.2	0	14.8	2.315
1	2013	249	0.2	15.2	0	18.1	2.68
1	2013	250	5.9	16.8	2.2	9.3	1.301
1	2013	251	10.4	16.9	2	12.9	2.081
1	2013	252	8.8	15.8	0	14.8	2.386
1	2013	253	5.7	16.6	0	13.6	2.101
1	2013	254	10.8	17.8	15.6	6.5	0.825
1	2013	255	13.8	16.2	18.9	2.9	0.105
1	2013	256	8.3	17.8	8.6	15.6	2.581
1	2013	257	8.7	14.8	0	14.8	2.357
1	2013	258	6	15.7	0	14.9	2.329
1	2013	259	4	16.6	0	13.8	2.097
1	2013	260	7.4	16.6	0	15	2.408
1	2013	261	0	15.2	0	20.6	3.097
1	2013	262	2.5	15.7	6.4	9.5	1.262
1	2013	263	8.3	19.2	5.4	7	0.915
1	2013	264	12.8	18.5	29.9	6.5	0.849
1	2013	265	11.7	19.4	0	14.7	2.535
1	2013	266	10.4	18.9	0	13.5	2.246
1	2013	267	10.2	16.9	9.5	3.1	0.141
1	2013	268	12.8	19	0	11.5	1.89
1	2013	269	11.7	17.1	0	13.2	2.174
1	2013	270	12	19.1	0	14.7	2.535
1	2013	271	11.7	16.4	1.4	16.6	2.837
1	2013	272	10.1	17	11.2	14.3	2.353
1	2013	273	10.8	15.6	7.7	9.5	1.394
1	2013	274	7.9	18.8	0	22.2	3.896
1	2013	275	4.3	19.6	0	21	3.55
1	2013	276	6	19.6	0	20.8	3.578
1	2013	277	5.8	19.8	0	12.2	1.907
1	2013	278	9.6	22.3	0	18	3.241
1	2013	279	11.2	20.9	0	18.3	3.31
1	2013	280	7.9	18.9	0	15	2.483
1	2013	281	7.7	19.2	10.1	11.9	1.875
1	2013	282	10.3	15	1.1	14.1	2.269
1	2013	283	4.6	16.2	7.9	20.5	3.336
1	2013	284	8.6	17.2	14.4	3.8	0.275
1	2013	285	10	15.8	4.1	14.1	2.281
1	2013	286	9.5	17.9	0	15.3	2.558
1	2013	287	9.9	18.1	0	10.1	1.538
1	2013	288	13.5	19.6	3.2	14.4	2.524
1	2013	289	6.3	17.1	1.9	21.1	3.549
1	2013	290	9.7	18.9	0	20.3	3.594
1	2013	291	6.8	19.8	0	23.1	4.068
1	2013	292	12.2	19.4	0	22.9	4.245
1	2013	293	4.4	19	0	19.5	3.246
1	2013	294	8.6	18.8	0	18.9	3.271
1	2013	295	7.3	18.6	0	17.5	2.946
1	2013	296	13	20.8	0	13.4	2.331
1	2013	297	11.7	19.7	0	18.2	3.266
1	2013	298	12.5	20	1.9	11.7	1.945
1	2013	299	7	19	0	24.1	4.237
1	2013	300	6.4	18.9	0	18.8	3.179
1	2013	301	6	18.4	0	24.7	4.279
1	2013	302	2.9	17.6	0	24.2	4.004
1	2013	303	5.9	18.1	0	22.3	3.802
1	2013	304	10.6	21.2	0	18.2	3.279
1	2013	305	11	18.3	0	19.8	3.519
1	2013	306	5.3	17.6	0	22.3	3.756
1	2013	307	7.7	20.3	0	23.3	4.169
1	2013	308	5.6	21	0	22.1	3.872
1	2013	309	7.7	20.3	26.4	14.4	2.395
1	2013	310	10.7	21.4	2.9	19.1	3.477
1	2013	311	10.8	18.4	14.6	13.2	2.183
1	2013	312	11.6	21.4	0	20.1	3.718
1	2013	313	10	21.9	0	24.8	4.653
1	2013	314	12.2	22.3	0	19.2	3.583
1	2013	315	9.2	24	0	24.4	4.63
1	2013	316	13.8	21.6	0	24.4	4.732
1	2013	317	7.1	20.5	0	28.3	5.144
1	2013	318	7.2	21.5	0	25.8	4.702
1	2013	319	8	21.5	0	24.2	4.418
1	2013	320	8.1	21.9	0	21.6	3.912
1	2013	321	10.9	23.2	0	22.4	4.247
1	2013	322	9	24.2	0	28.1	5.408
1	2013	323	9.9	24.1	7.1	16.2	2.929
1	2013	324	12.5	22.5	0	21.3	4.05
1	2013	325	12.5	24	0	25.6	5.044
1	2013	326	10.2	26.6	0	27.5	5.473
1	2013	327	11.6	26.8	0	28.8	5.845
1	2013	328	11.8	25.9	0	28.6	5.762
1	2013	329	11.5	24.5	0	25	4.89
1	2013	330	15.6	24.2	1.3	18.2	3.546
1	2013	331	12.3	23.9	20.4	15.2	2.776
1	2013	332	14.9	21.9	3.2	19.4	3.708
1	2013	333	14	21.7	0	21.9	4.207
1	2013	334	13.5	23.3	0	15.4	2.836
1	2013	335	11.2	20	0	27.7	5.217
1	2013	336	7	23.5	0	26.5	4.934
1	2013	337	9.5	21.4	5.9	13.8	2.345
1	2013	338	15.1	19.3	21.4	5	0.557
1	2013	339	15.2	21	38	4.1	0.372
1	2013	340	15.4	23	0	16	3.013
1	2013	341	12.7	22.4	1.3	18	3.347
1	2013	342	10.8	21.4	1.6	20	3.668
1	2013	343	12.5	21.3	0	24.9	4.764
1	2013	344	12	20.6	0	14.1	2.449
1	2013	345	9.1	21.2	0	12.5	2.065
1	2013	346	10	25.5	0	23.8	4.608
1	2013	347	12.7	25.8	0	18.4	3.547
1	2013	348	13	27	0	21.5	4.294
1	2013	349	12.2	27	0	22.6	4.507
1	2013	350	10	26.6	0	24	4.701
1	2013	351	12	24.5	0	24	4.696
1	2013	352	9.5	21.2	0	17.9	3.181
1	2013	353	12.2	22	0	24.3	4.655
1	2013	354	9.2	24	0	27.5	5.282
1	2013	355	7.9	22.2	0	23.6	4.323
1	2013	356	13.3	23.5	0	26.4	5.233
1	2013	357	9.8	22.6	0	21.2	3.925
1	2013	358	8.6	21.5	4.4	11.9	1.939
1	2013	359	15.4	21.3	1.2	13.8	2.485
1	2013	360	12.7	21.5	2.6	20.6	3.869
1	2013	361	10	24.1	0	23.6	4.502
1	2013	362	11.3	23.2	11.2	15.4	2.773
1	2013	363	15.9	24.7	1.7	15.8	3.031
1	2013	364	13.9	23.2	0	20.1	3.871
1	2013	365	10.4	22	0	30.4	5.845
1	2014	1	7.2	23.9	0	22.4	4.121
1	2014	2	10.1	24.2	0	31.7	6.233
1	2014	3	9.1	25.2	3.2	22.5	4.277
1	2014	4	15.3	26.8	0	23.9	4.929
1	2014	5	18.3	22.7	2	10.2	1.772
1	2014	6	10.3	23.6	0	31.5	6.166
1	2014	7	6.8	26.2	1.2	29.8	5.754
1	2014	8	12.4	23	3.1	24.6	4.775
1	2014	9	10.2	21.2	2.4	23.1	4.278
1	2014	10	7.3	22.5	0	28.3	5.264
1	2014	11	7.7	22.6	0	22.8	4.169
1	2014	12	10.4	20.9	0	17.3	3.077
1	2014	13	13.7	22.3	0	16.1	2.965
1	2014	14	11	21.7	0	26.7	5.088
1	2014	15	7.3	23.6	0	27.4	5.14
1	2014	16	9.1	22.6	0	22.2	4.105
1	2014	17	15.8	21.6	0	29.6	5.965
1	2014	18	7.2	23.6	0	30.3	5.73
1	2014	19	7.6	24.3	0	29.6	5.649
1	2014	20	12.7	20.2	4.4	7.3	1.031
1	2014	21	14.4	23.1	2.7	15.1	2.789
1	2014	22	13.3	24	0	18	3.419
1	2014	23	15	21.9	0	25.9	5.129
1	2014	24	10.7	23.9	0	26.5	5.143
1	2014	25	8.6	25.3	0	28.7	5.573
1	2014	26	14.3	24.4	11.3	8.3	1.313
1	2014	27	10.3	23.1	0	28.9	5.588
1	2014	28	7.4	24.2	0	30.9	5.901
1	2014	29	8.6	26.6	0	29.9	5.903
1	2014	30	10.2	24.1	0	28.4	5.532
1	2014	31	12.6	26.3	0	27.1	5.495
1	2014	32	11.2	26.3	0	23.5	4.632
1	2014	33	9	26.7	0	29.1	5.759
1	2014	34	9.7	26.5	0	25.2	4.943
1	2014	35	12	24.8	0	19.4	3.708
1	2014	36	13.8	27	0	23.2	4.711
1	2014	37	14.5	26.1	0	20.7	4.138
1	2014	38	14.3	23.8	8.8	16.1	3.026
1	2014	39	17.2	25	1.1	18.3	3.649
1	2014	40	15.5	28.9	0	22	4.589
1	2014	41	13	25.9	0	18.9	3.672
1	2014	42	15.1	24.4	0	21.1	4.185
1	2014	43	12.2	23.9	0	16.5	3.055
1	2014	44	13.5	22.3	0	18.9	3.564
1	2014	45	13	23.1	0	18.4	3.466
1	2014	46	11.1	25.7	0	23.2	4.536
1	2014	47	8.7	27.3	0	25.6	5.02
1	2014	48	12	26.9	0	22.3	4.428
1	2014	49	14.7	26.7	0	15.8	3.053
1	2014	50	15.1	25.1	0	11.3	2.007
1	2014	51	15.5	27.4	0	22.2	4.573
1	2014	52	17.4	27.7	0	22.1	4.641
1	2014	53	16.4	28.2	0	16.5	3.308
1	2014	54	17.9	24.2	0	23.4	4.814
1	2014	55	6.4	24.9	0	26.3	4.934
1	2014	56	7.1	26.4	0	25	4.771
1	2014	57	11.1	26.6	0	19	3.652
1	2014	58	11.7	27.4	0	23.1	4.614
1	2014	59	10.6	24.6	0	20.3	3.843
1	2014	60	8.3	22.3	0	25.2	4.673
1	2014	61	6.9	22.5	0	19.5	3.462
1	2014	62	10.4	21.3	0	17.2	3.069
1	2014	63	5.5	21.1	1.2	21.9	3.833
1	2014	64	11	22	0	20.7	3.844
1	2014	65	9.5	25.5	0	24.6	4.757
1	2014	66	8.2	25.6	0	23	4.362
1	2014	67	7.6	24	0	18.9	3.418
1	2014	68	7.3	25.6	0	19.7	3.631
1	2014	69	11.7	26.6	0	19.9	3.872
1	2014	70	11.6	26.2	0	19	3.656
1	2014	71	12.3	25.1	0	16.4	3.072
1	2014	72	10.9	26.2	0	18.1	3.434
1	2014	73	10.6	24	0	15.1	2.712
1	2014	74	14.5	22	9	6.5	0.894
1	2014	75	18.9	24.4	2.6	9.6	1.671
1	2014	76	15.7	24.9	0	18	3.528
1	2014	77	13.3	26.1	0	14.8	2.773
1	2014	78	13.6	25.7	0	21.3	4.221
1	2014	79	7.5	23.6	0	15.9	2.783
1	2014	80	10.6	25	0	17.8	3.32
1	2014	81	9.9	24.4	0	18.3	3.384
1	2014	82	11.2	25.2	0	15.7	2.89
1	2014	83	11.6	25.9	0	17.1	3.228
1	2014	84	11.2	23	1.1	14.8	2.637
1	2014	85	12.7	21.5	0	20.5	3.848
1	2014	86	8.1	25	0	19.3	3.554
1	2014	87	7.3	24.9	0	18.7	3.397
1	2014	88	9.7	24	0	16	2.878
1	2014	89	8.3	24.9	0	18.3	3.347
1	2014	90	10.2	26.9	0	19.3	3.697
1	2014	91	8.7	26.6	0	18.1	3.375
1	2014	92	12.2	25.9	1.8	15.5	2.894
1	2014	93	12.8	22.4	15.9	8.8	1.376
1	2014	94	10.7	24.3	0	17.5	3.236
1	2014	95	9.7	25.3	0	17.8	3.301
1	2014	96	9.6	27.3	0	17.1	3.21
1	2014	97	11.2	27.5	0	15.6	2.933
1	2014	98	13.1	25.8	0	9.2	1.515
1	2014	99	17.6	23.3	14.5	5.7	0.751
1	2014	100	17.1	21.5	11.5	6.3	0.868
1	2014	101	15.6	20.3	9.1	5.3	0.63
1	2014	102	13.2	21.4	0	11.7	1.987
1	2014	103	10.2	22	0	11.7	1.939
1	2014	104	13.5	20.4	0	8	1.189
1	2014	105	14.8	22.3	3.1	12	2.101
1	2014	106	15.1	21.5	16.9	7.8	1.178
1	2014	107	15.4	21.9	20.3	5	0.573
1	2014	108	15.8	23.4	1.2	11.7	2.077
1	2014	109	13.9	20.9	7.4	7.5	1.093
1	2014	110	13.3	19.3	15.1	6.3	0.818
1	2014	111	10.5	19.2	0	11.9	1.931
1	2014	112	9.3	19.8	0	11.9	1.919
1	2014	113	5.4	19.1	0	13.9	2.21
1	2014	114	5.6	16.3	12.1	3.9	0.282
1	2014	115	10.9	20.8	3.5	10.7	1.722
1	2014	116	10.9	17.4	0	8.8	1.283
1	2014	117	7.7	18.8	8.1	11.4	1.769
1	2014	118	11.2	17	15.1	11	1.721
1	2014	119	9.3	17.5	0	12.6	2.01
1	2014	120	4	17.4	0	13.4	2.042
1	2014	121	3.9	18.1	0	10.9	1.59
1	2014	122	2.6	17.4	0	11.1	1.585
1	2014	123	5.1	18.3	0	8.4	1.141
1	2014	124	7.8	20.5	0	10.1	1.543
1	2014	125	11.2	18	7.4	2.5	0.023
1	2014	126	13.1	20.3	0	8.7	1.331
1	2014	127	10.6	18.7	6.7	7.3	0.993
1	2014	128	12.3	19	7.4	8.1	1.179
1	2014	129	10.1	17.5	6.4	7.9	1.095
1	2014	130	5.2	17	0	11.7	1.743
1	2014	131	4.8	17.9	0	11.7	1.753
1	2014	132	5	17.6	0	9.4	1.318
1	2014	133	8.7	18.3	14	8.1	1.127
1	2014	134	9.2	15	5.1	5.4	0.577
1	2014	135	4.1	15.3	0	11.2	1.59
1	2014	136	2.5	16.1	0	11.6	1.644
1	2014	137	0.3	15.7	0	6.9	0.777
1	2014	138	2	16.5	0	10.3	1.41
1	2014	139	4.3	18.8	0	8.4	1.137
1	2014	140	6	17.2	0	7.8	1.025
1	2014	141	4.9	18	1.7	5.3	0.55
1	2014	142	6.9	15.4	0	9.6	1.352
1	2014	143	7.1	17.3	2.6	6.4	0.77
1	2014	144	13.4	19.7	12.5	6.3	0.823
1	2014	145	11.4	17	2.7	7.6	1.044
1	2014	146	10.2	13	0	8.5	1.157
1	2014	147	-1.7	12.1	0	10.8	1.332
1	2014	148	-2.2	13.2	0	10.3	1.264
1	2014	149	0.5	14.6	10.2	4	0.274
1	2014	150	6.6	13.6	0	3.5	0.204
1	2014	151	4.7	15	0	10.1	1.397
1	2014	152	1.5	15.6	0	9	1.156
1	2014	153	4.7	15.8	0	4.9	0.462
1	2014	154	5.2	17.3	0	7.9	1.035
1	2014	155	7.2	16.3	0	9.9	1.427
1	2014	156	2.4	13.5	0	5.2	0.483
1	2014	157	5.9	16.8	0	8.6	1.169
1	2014	158	5.9	17.4	0	8.3	1.12
1	2014	159	5.1	16.8	0	6.5	0.767
1	2014	160	9	17.8	36.3	3.1	0.141
1	2014	161	12.9	14.8	43.8	1.1	0
1	2014	162	10.4	17.6	60.7	6.4	0.8
1	2014	163	9.6	16.3	4	4.5	0.412
1	2014	164	8.1	15.9	0	9.6	1.377
1	2014	165	3	16	0	9.7	1.312
1	2014	166	0.8	11.5	0	6	0.589
1	2014	167	2.9	14.9	12	2.7	0.056
1	2014	168	6.9	16.2	5.7	5.7	0.627
1	2014	169	9.7	14.3	2.4	7.5	0.976
1	2014	170	6.1	14.2	1.8	6.4	0.735
1	2014	171	7.4	14.7	0	6.7	0.806
1	2014	172	6.6	15	3.8	5.2	0.523
1	2014	173	6.6	15	3.8	5.2	0.523
1	2014	174	2.6	15.7	0	8.9	1.157
1	2014	175	6	16.3	0	5.2	0.527
1	2014	176	8.9	15.2	11.1	1.8	0
1	2014	177	12.3	18.9	0	6	0.745
1	2014	178	9	15.7	10.9	5.3	0.561
1	2014	179	7.9	14.5	0	8.6	1.166
1	2014	180	2.1	13.3	0	7	0.787
1	2014	181	4.8	15.5	20	1.4	0
1	2014	182	8	14.3	12.1	4	0.302
1	2014	183	6.9	11.9	10.8	5.6	0.575
1	2014	184	1.4	12.1	1.1	8.4	0.998
1	2014	185	3.5	13.6	1.8	9.1	1.173
1	2014	186	4.8	15.9	0	5.3	0.536
1	2014	187	2.7	14.8	0	8.1	1.004
1	2014	188	5.2	14.7	0	6.9	0.82
1	2014	189	7.8	13	0	4.2	0.334
1	2014	190	10.1	14.6	0	2.8	0.08
1	2014	191	11.8	15.3	0	4.3	0.378
1	2014	192	11.5	16.3	0	8.5	1.216
1	2014	193	12.1	13.8	53.2	1.3	0
1	2014	194	9.2	16.4	0	6.6	0.819
1	2014	195	7.3	15.3	0	6.7	0.811
1	2014	196	3.9	14	0	10.3	1.398
1	2014	197	-0.5	13	0	10.7	1.359
1	2014	198	2.3	11.8	0	8.7	1.057
1	2014	199	-2.1	12	0	10.8	1.322
1	2014	200	-2.6	12.8	0	8.6	0.981
1	2014	201	0.3	15.4	10	6.7	0.739
1	2014	202	6.1	13.5	0	10	1.377
1	2014	203	1.5	10.9	0	11	1.406
1	2014	204	-2.5	14.7	0	10.8	1.369
1	2014	205	0.5	14.5	0	10.4	1.359
1	2014	206	3.8	14.3	0	8.5	1.083
1	2014	207	-0.4	13.7	0	10.9	1.408
1	2014	208	2.4	13.9	0	10.4	1.385
1	2014	209	-1.7	13.9	0	11.8	1.532
1	2014	210	-0.3	14	5	7.9	0.917
1	2014	211	3.3	17	0	8.5	1.12
1	2014	212	8.3	18.2	0	9.5	1.396
1	2014	213	7.2	17.7	0	7.3	0.948
1	2014	214	10.6	19.2	13.9	6.4	0.816
1	2014	215	13.2	14.7	7.2	3.8	0.282
1	2014	216	5.2	13.8	0	7.5	0.917
1	2014	217	5.2	14.5	0	8.5	1.107
1	2014	218	7.2	13.9	2.2	8.9	1.204
1	2014	219	2.4	13.7	4.7	8.8	1.105
1	2014	220	8.2	14.3	2.3	9.7	1.373
1	2014	221	0.4	11.4	0	13.5	1.797
1	2014	222	-1	12.9	0	8.4	0.974
1	2014	223	2.9	14.7	12.4	7.8	0.953
1	2014	224	7.6	14.4	7.9	9.2	1.272
1	2014	225	3.8	13	9.1	10.7	1.447
1	2014	226	5.9	12.9	4.9	10.1	1.38
1	2014	227	-0.1	13.9	0	13.4	1.835
1	2014	228	5.1	15.5	0	13.9	2.116
1	2014	229	0.4	15.3	0	14.2	2.024
1	2014	230	1.4	14.5	0	11	1.48
1	2014	231	4.3	13.9	9.5	5.3	0.517
1	2014	232	8.9	17.6	2.8	9.8	1.455
1	2014	233	9.8	16.4	0	13.5	2.174
1	2014	234	-0.2	13	0	15.5	2.153
1	2014	235	0.8	16.6	0	14.7	2.161
1	2014	236	1.2	16.9	0	15.6	2.341
1	2014	237	1.9	15.5	0	15.8	2.354
1	2014	238	7.1	14.8	0	11.3	1.662
1	2014	239	4	14.6	0	14.4	2.143
1	2014	240	5.5	15.2	0	14.3	2.192
1	2014	241	6	15.4	0	9.1	1.245
1	2014	242	8.6	14.8	0	10	1.444
1	2014	243	10	14.5	9.9	6.8	0.847
1	2014	244	8.8	13.9	6	4.4	0.379
1	2014	245	9.4	19.9	0	14.8	2.509
1	2014	246	5.6	18.1	0	12.5	1.925
1	2014	247	9.5	17.3	5.2	10.1	1.518
1	2014	248	12.8	18.8	4.8	10.1	1.597
1	2014	249	11.2	17.9	0	9.4	1.415
1	2014	250	6.3	19.4	0	17.7	2.979
1	2014	251	5	16.6	0	11	1.601
1	2014	252	4	18	0	14.6	2.28
1	2014	253	5.9	16.9	0	13	2
1	2014	254	5.5	17.3	0	11.9	1.792
1	2014	255	7.1	17.7	16.5	8.4	1.158
1	2014	256	13.5	19.5	16	10.4	1.682
1	2014	257	11.4	15.7	0	10.9	1.681
1	2014	258	6.2	16.7	8.9	16.1	2.587
1	2014	259	8.7	16.3	3.7	9.9	1.451
1	2014	260	8.6	15.8	0	16.3	2.668
1	2014	261	7	14.8	15	6.2	0.711
1	2014	262	10.8	17.6	6.2	14	2.325
1	2014	263	7.3	15.1	15.1	13.2	2.028
1	2014	264	3.9	14.2	8.9	12.8	1.845
1	2014	265	7.9	14	1.3	15.8	2.502
1	2014	266	1.9	15.6	0	17.5	2.656
1	2014	267	9.9	17.7	0	20	3.497
1	2014	268	4.8	17.7	0	20.4	3.382
1	2014	269	6.1	17.5	0	16.7	2.721
1	2014	270	6	17	2.6	11.8	1.778
1	2014	271	12.1	18.2	0	11.3	1.82
1	2014	272	9.4	17.5	3.9	18.6	3.195
1	2014	273	7.4	19.1	0	19.4	3.338
1	2014	274	7.6	19.7	0	21.8	3.842
1	2014	275	6.3	17.1	3.5	10.1	1.463
1	2014	276	8.3	15.1	7.5	12.2	1.861
1	2014	277	6.7	12.9	2.6	16.7	2.589
1	2014	278	5.5	15.7	0	14.1	2.167
1	2014	279	10	17.1	5	12.1	1.918
1	2014	280	7.5	16.3	0	22.9	3.908
1	2014	281	5.4	17.3	5.9	7.5	0.962
1	2014	282	10.8	17.1	0	19.7	3.448
1	2014	283	5.3	18.7	0	20.4	3.439
1	2014	284	8.4	19.4	0	22.4	3.981
1	2014	285	6.8	19.2	0	21.5	3.73
1	2014	286	6.8	19	0	14.5	2.359
1	2014	287	7.6	18.7	0	16.7	2.802
1	2014	288	6.6	22.5	0	23.8	4.319
1	2014	289	7.1	20.1	0	13.2	2.138
1	2014	290	10.4	19.8	0	13.1	2.186
1	2014	291	13.8	18.6	27.6	8	1.171
1	2014	292	12.5	19.8	0	20.5	3.775
1	2014	293	8	17.5	0	21.5	3.71
1	2014	294	9.7	18.9	0	16.9	2.912
1	2014	295	11	18.3	0	11.5	1.842
1	2014	296	12.2	19.1	0	18.2	3.263
1	2014	297	11.4	17.6	0	23.1	4.173
1	2014	298	3.1	17.4	0	27.9	4.683
1	2014	299	4.3	16.5	0	14.6	2.25
1	2014	300	10.6	16.8	13.3	7.3	0.974
1	2014	301	12.4	18.6	5	9.4	1.443
1	2014	302	13.2	19.1	1.4	17.9	3.234
1	2014	303	9.7	16.6	0	20.3	3.507
1	2014	304	9.6	17.9	0	16.1	2.72
1	2014	305	10.3	19.8	0	27.8	5.179
1	2014	306	10	20.8	3.5	19.2	3.451
1	2014	307	13.4	18.5	2.4	14.3	2.473
1	2014	308	6.4	18	0	19.7	3.32
1	2014	309	4.4	17.4	7.3	22.2	3.691
1	2014	310	6.1	16.5	3.9	19.5	3.217
1	2014	311	5.8	17.1	0	26.3	4.51
1	2014	312	4.3	19.5	0	26.7	4.632
1	2014	313	5.2	20.9	0	28	5.004
1	2014	314	6.2	20	0	22.3	3.894
1	2014	315	11.2	18	12.5	10.1	1.557
1	2014	316	8.5	15.6	9.5	19.1	3.195
1	2014	317	6.5	16.5	1.7	25.7	4.402
1	2014	318	8.3	17.5	0	22.3	3.878
1	2014	319	11.8	17.2	7.9	8.1	1.151
1	2014	320	10.4	18.2	0	22.5	4.035
1	2014	321	8.1	18.7	18.6	5.1	0.534
1	2014	322	11.5	19	0	23.5	4.321
1	2014	323	6.2	18.4	1.1	20.6	3.5
1	2014	324	8.9	17.2	0	27	4.808
1	2014	325	9.9	19.2	0	19.2	3.391
1	2014	326	13	20.7	0	13.3	2.307
1	2014	327	12.9	20.8	0	25.6	4.907
1	2014	328	6.8	19.2	0	13	2.071
1	2014	329	13.3	22.9	0	17.1	3.188
1	2014	330	16	21.3	0	18.5	3.529
1	2014	331	8.6	20.4	5	27.8	5.12
1	2014	332	12.5	19.6	4.9	17.5	3.144
1	2014	333	7.6	17.1	0	24.9	4.332
1	2014	334	9.8	18.7	1.2	23	4.131
1	2014	335	9	17.3	0	25.8	4.584
1	2014	336	4.8	19.3	0	30.2	5.316
1	2014	337	4.8	20.8	0	30.8	5.521
1	2014	338	9	19.3	0	21.4	3.803
1	2014	339	13.2	19.6	0	9.9	1.574
1	2014	340	13.2	23	0	25.2	4.943
1	2014	341	11.1	22.2	0	24.7	4.698
1	2014	342	16.7	25.3	0	23.8	4.901
1	2014	343	15.9	21.4	0	11.4	1.974
1	2014	344	14.9	22.9	12.8	14.4	2.643
1	2014	345	16.8	22.6	0	15.3	2.885
1	2014	346	14	18.7	0	12.7	2.159
1	2014	347	8.7	20.4	17.6	18	3.149
1	2014	348	13	16.6	12.5	6	0.733
1	2014	349	13.2	21.7	0	21.9	4.174
1	2014	350	10.4	20.1	0	26.1	4.853
1	2014	351	14.6	19.2	23.2	7.6	1.103
1	2014	352	16.7	21.7	0	16.1	3.035
1	2014	353	13.6	26.5	0	23.8	4.816
1	2014	354	14.1	24.1	5.2	15.6	2.919
1	2014	355	17.4	24	0	26.2	5.421
1	2014	356	10.9	23.7	0	29.4	5.761
1	2014	357	10.8	24.7	0	29	5.727
1	2014	358	12.4	22.9	0	21.7	4.148
1	2014	359	12.8	23.2	0	17.5	3.268
1	2014	360	14.8	23.1	0	26.2	5.245
1	2014	361	12.7	23.2	0	22	4.237
1	2014	362	13.3	24.5	0	21.4	4.184
1	2014	363	15.5	25.5	0	22.9	4.652
1	2014	364	14.6	24.3	0	28.1	5.717
1	2014	365	10.7	23.6	5.5	19.5	3.639
1	2015	1	15.1	22.9	0	30.5	6.198
1	2015	2	11.5	25.1	0	27.4	5.44
1	2015	3	10.8	25.1	0	24.1	4.691
1	2015	4	12.4	26.5	0	28.1	5.717
1	2015	5	12.6	24.9	0	24.5	4.852
1	2015	6	9.6	25.2	0	27.5	5.367
1	2015	7	10.9	26.7	0	24.1	4.769
1	2015	8	11.3	26.2	40.1	22.8	4.479
1	2015	9	15.9	24.3	0	20	3.965
1	2015	10	14.8	26.5	0	27.8	5.779
1	2015	11	12.6	24.8	0	30.1	6.074
1	2015	12	11.5	25.2	0	24.1	4.727
1	2015	13	12.8	27.9	0	30.5	6.358
1	2015	14	11.9	26.5	0	29.4	5.978
1	2015	15	12.6	27.7	0	27.9	5.748
1	2015	16	14.9	27	0	25.6	5.308
1	2015	17	15.4	25.5	1.3	17.5	3.424
1	2015	18	13.1	26.4	0	30	6.175
1	2015	19	16.2	26	0	27.6	5.782
1	2015	20	12.7	25.7	0	20.9	4.097
1	2015	21	11	25.1	0	28.9	5.739
1	2015	22	11.8	26.7	0	29	5.895
1	2015	23	14.2	27.2	0	26.3	5.443
1	2015	24	13.2	29.4	0	28.2	5.941
1	2015	25	13.6	28.4	0	29	6.092
1	2015	26	16.2	27.3	0	25.5	5.364
1	2015	27	14.9	26.2	0	21.8	4.407
1	2015	28	14.5	27.4	0	25.4	5.263
1	2015	29	14.8	27.8	0	28.3	5.964
1	2015	30	16	28.1	0	20.9	4.32
1	2015	31	17.7	25.5	0	11.9	2.202
1	2015	32	18.2	23.3	13.2	9.8	1.689
1	2015	33	18.1	26.7	0	16	3.197
1	2015	34	17.8	26	0	22.7	4.727
1	2015	35	11.5	22.8	4.4	13.8	2.427
1	2015	36	15.1	22.1	0	22.6	4.422
1	2015	37	15.4	20.9	0	21.2	4.08
1	2015	38	7.9	23	0	28.4	5.345
1	2015	39	9	24.9	0	23	4.366
1	2015	40	12.1	24.2	0	13.5	2.41
1	2015	41	14.9	25.1	0	17.9	3.486
1	2015	42	8.6	23.3	0	19.8	3.615
1	2015	43	10.7	24.2	0	17.5	3.233
1	2015	44	11.8	25	0	23.1	4.514
1	2015	45	12.7	26.3	1.7	23	4.588
1	2015	46	13.7	25.5	0	22.1	4.396
1	2015	47	13.5	25.5	0	20.7	4.076
1	2015	48	12.9	26.2	0	23.6	4.726
1	2015	49	10.3	27.5	0	26.8	5.372
1	2015	50	9.2	26.5	0	26.8	5.264
1	2015	51	11.1	27	0	22.2	4.372
1	2015	52	13	25.1	0	12.4	2.21
1	2015	53	16.7	25.4	9.1	13.4	2.523
1	2015	54	14.2	23.9	1.2	14.4	2.651
1	2015	55	14	24.6	0	18.7	3.617
1	2015	56	13	25.9	0	22.6	4.495
1	2015	57	11.6	26.5	0	21.7	4.262
1	2015	58	11	25.2	5.7	18.3	3.448
1	2015	59	9.8	26.9	0	25.5	5.032
1	2015	60	10.7	28.7	0	24.7	4.985
1	2015	61	11.7	28	0	21.3	4.237
1	2015	62	14.5	26.2	0	15	2.853
1	2015	63	13.6	24.6	0	11.6	2.035
1	2015	64	14.1	28.1	0	21.4	4.36
1	2015	65	16.7	23	4.1	7.5	1.146
1	2015	66	13.1	25.7	4.4	14.6	2.713
1	2015	67	15.3	23.5	0	20.8	4.09
1	2015	68	12.4	23.7	0	15.4	2.817
1	2015	69	10.4	26.9	0	21.9	4.273
1	2015	70	10.1	26.5	0	19	3.614
1	2015	71	14.4	20.2	9.4	6.7	0.92
1	2015	72	13.1	26.1	0	18.9	3.682
1	2015	73	12.5	27.9	0	21.6	4.333
1	2015	74	14.6	23	21.5	11.5	2.002
1	2015	75	16.7	24.5	0	12.5	2.298
1	2015	76	12.9	23.7	0	17.9	3.374
1	2015	77	9.9	21	0	16.5	2.9
1	2015	78	11.6	21.7	0	16.2	2.908
1	2015	79	8.8	23.2	0	21.7	4.013
1	2015	80	8.7	23	0	16.6	2.945
1	2015	81	9.1	23.4	0	18	3.261
1	2015	82	10.4	22.8	7.5	13.7	2.38
1	2015	83	13.2	23.1	0	14.4	2.605
1	2015	84	11	24.5	0	18.4	3.446
1	2015	85	13.5	22.7	3	10.8	1.823
1	2015	86	15	24.1	0	12.9	2.342
1	2015	87	14.8	24	5.3	10.6	1.825
1	2015	88	16.7	23.3	12.3	13.3	2.452
1	2015	89	14	21.8	0	14.7	2.658
1	2015	90	9.8	22.4	0	17.5	3.147
1	2015	91	7.2	23.7	0	18	3.208
1	2015	92	10.3	24.1	0	15.7	2.834
1	2015	93	8.8	20.6	0	11.6	1.864
1	2015	94	7.8	22	1.3	12.1	1.974
1	2015	95	12.7	23	0	9.4	1.512
1	2015	96	13	24.5	0	12.3	2.175
1	2015	97	11.2	24.8	0	14	2.511
1	2015	98	14.4	22.9	0	8.1	1.251
1	2015	99	17.9	21.8	0	4.4	0.451
1	2015	100	16.9	22.6	7.3	6.5	0.92
1	2015	101	15.3	22.7	0	16	3.001
1	2015	102	10.1	19.5	2.3	9.1	1.361
1	2015	103	12.3	18.1	15.4	6.3	0.8
1	2015	104	6.5	15.2	0	15.2	2.384
1	2015	105	2.2	16.3	0	10	1.357
1	2015	106	4.1	18.4	0	16.4	2.631
1	2015	107	3.6	19.2	27.7	9.8	1.397
1	2015	108	9.4	14.8	69.6	0.5	0
1	2015	109	9.5	20.6	0	10.6	1.674
1	2015	110	10.4	22.3	0	12.5	2.117
1	2015	111	9.1	22.5	0	13.3	2.259
1	2015	112	11.2	22	0	10.2	1.644
1	2015	113	13.1	21.6	0	11.3	1.903
1	2015	114	9.9	20.5	0	13.4	2.252
1	2015	115	7.9	17.6	0	7.1	0.915
1	2015	116	8.7	21	3.9	12.1	1.971
1	2015	117	14.3	20.6	21.4	3	0.132
1	2015	118	14.6	18.7	4.4	9.4	1.477
1	2015	119	8.2	17.1	4.4	10.1	1.494
1	2015	120	11.7	16.9	0	9.2	1.367
1	2015	121	2	18.5	0	13.3	2.003
1	2015	122	7.4	17.5	0	6.8	0.851
1	2015	123	11.3	18	0	7.5	1.034
1	2015	124	5.1	17.6	0	9.7	1.376
1	2015	125	7.3	20.2	0	9.6	1.431
1	2015	126	9.3	21.1	0	9.9	1.536
1	2015	127	13.2	22.1	20.6	7.2	1.034
1	2015	128	16.8	18	5.8	2.3	0
1	2015	129	11.6	18.8	0	10.4	1.638
1	2015	130	5.8	19.6	0	10	1.476
1	2015	131	8.1	19.5	2.8	8.3	1.174
1	2015	132	11.3	16.8	17.2	3.2	0.163
1	2015	133	8.8	18.8	0	11.1	1.73
1	2015	134	9.3	18.1	19.5	4.9	0.498
1	2015	135	12.7	16.2	6.3	6	0.727
1	2015	136	5.3	16.4	0	11.8	1.752
1	2015	137	3.5	16.3	0	7.5	0.927
1	2015	138	3.7	16.8	0	7.6	0.957
1	2015	139	8	18.5	0	10.5	1.592
1	2015	140	3.3	15.9	0	8.8	1.154
1	2015	141	7.1	16.8	21.6	5.5	0.594
1	2015	142	11.5	16.1	1.4	8.4	1.194
1	2015	143	7.7	13.1	27.3	1.3	0
1	2015	144	9.1	15.3	4.4	8.6	1.192
1	2015	145	9	12.7	4.7	8	1.045
1	2015	146	6.4	14.1	1.7	7.3	0.902
1	2015	147	4.6	14.4	0	9.3	1.24
1	2015	148	0.4	14.7	0	10.7	1.412
1	2015	149	-0.4	15.2	0	10.4	1.355
1	2015	150	2.4	15.8	0	9.9	1.333
1	2015	151	6.4	15.7	2.4	5.3	0.545
1	2015	152	9.2	17.4	2.7	5.5	0.612
1	2015	153	13.4	19.3	8.2	4.9	0.526
1	2015	154	10	16.4	17	4.9	0.493
1	2015	155	11.2	15.6	4.2	5.7	0.652
1	2015	156	8.3	15.3	0	8.3	1.124
1	2015	157	7.1	15.5	0	7	0.867
1	2015	158	5.3	14.4	0	7	0.836
1	2015	159	1.1	15.4	0	9.2	1.181
1	2015	160	3.5	15.8	0	5.9	0.633
1	2015	161	9.5	16.7	4	5.3	0.57
1	2015	162	9.5	15.4	1.3	7.8	1.044
1	2015	163	7.7	15.8	3	6.2	0.724
1	2015	164	10.5	15.1	0	5.8	0.663
1	2015	165	11.7	16	0	5.6	0.639
1	2015	166	9.9	15.1	0	7	0.891
1	2015	167	2.8	12.6	0	9.7	1.247
1	2015	168	-1.1	13.5	0	9.1	1.096
1	2015	169	2.7	13.9	0	4	0.28
1	2015	170	7.8	17.2	2.2	3.7	0.254
1	2015	171	12.6	17.1	13.8	1.7	0
1	2015	172	10.6	14.4	0	7.8	1.045
1	2015	173	6.4	12.4	0	9.3	1.237
1	2015	174	-1.9	10.7	0	9.7	1.129
1	2015	175	-1.8	10.9	0	9.7	1.134
1	2015	176	-2.8	11.6	0	9.6	1.114
1	2015	177	-1	14.7	2.8	7.5	0.851
1	2015	178	4.4	14.6	0	9.1	1.204
1	2015	179	7	15.9	0	8.1	1.078
1	2015	180	7	14.9	0	6.8	0.823
1	2015	181	9.4	15.6	0	8	1.084
1	2015	182	9.4	15.1	0	7.2	0.924
1	2015	183	3.8	12.9	0	5.3	0.506
1	2015	184	6.6	15.2	11.2	5.1	0.506
1	2015	185	9.7	16.3	1.1	4.3	0.374
1	2015	186	8.9	14.5	1.8	7.8	1.027
1	2015	187	9.6	16	3.1	7.9	1.071
1	2015	188	9.6	15.1	23.7	3.2	0.157
1	2015	189	6.4	9.2	1.1	4.7	0.396
1	2015	190	1.7	8.8	0	10.1	1.223
1	2015	191	-1.5	10.8	0	10.3	1.231
1	2015	192	-2.9	10.9	0	10.4	1.221
1	2015	193	-2.9	13	0	10.3	1.247
1	2015	194	-2	12.8	0	10.4	1.276
1	2015	195	-0.6	13.1	0	6.1	0.607
1	2015	196	4.9	14.6	26.6	3.2	0.147
1	2015	197	9.2	16.4	0	8.5	1.188
1	2015	198	3.9	15.2	0	8.7	1.134
1	2015	199	3.5	14.2	28.3	3.2	0.144
1	2015	200	7.7	11.2	0	9.8	1.328
1	2015	201	1.6	13.4	1.8	8	0.952
1	2015	202	1	13.8	0	11.1	1.473
1	2015	203	2	15	0	10.8	1.468
1	2015	204	-0.3	13.8	0	11	1.429
1	2015	205	0.7	13	0	6	0.601
1	2015	206	2.5	14.2	0	7.8	0.941
1	2015	207	4.6	14.7	2	4.7	0.417
1	2015	208	8.7	16.3	8.2	3.8	0.273
1	2015	209	10.2	15.4	10.6	7.7	1.033
1	2015	210	7.3	13.9	0	8.8	1.187
1	2015	211	2.3	12.6	0	11.8	1.594
1	2015	212	4.5	12.6	0	7.1	0.824
1	2015	213	5.8	15	0	8	1.034
1	2015	214	7.1	16.9	1.2	10.2	1.492
1	2015	215	9.8	17.5	0	8.5	1.21
1	2015	216	11.6	16.6	6	5.7	0.662
1	2015	217	8.8	14.9	38.4	1.8	0
1	2015	218	10	15.9	3.5	10.3	1.543
1	2015	219	8.8	13.3	10.9	8.5	1.143
1	2015	220	7	11.9	5.9	10.2	1.4
1	2015	221	2.9	11.7	0	7.9	0.93
1	2015	222	0.9	12.1	0	11.4	1.484
1	2015	223	-1.7	11.8	0	13.4	1.735
1	2015	224	-1.3	12.9	0	13.4	1.776
1	2015	225	-1	13.5	0	13.5	1.816
1	2015	226	3.4	14	9.3	3.2	0.143
1	2015	227	7.3	14.7	0	10.2	1.459
1	2015	228	3.9	16.6	0	11.5	1.673
1	2015	229	3.7	16.4	0	13.4	2.012
1	2015	230	3.9	15.2	3.2	7.8	0.973
1	2015	231	8.2	15.2	5.1	5.8	0.648
1	2015	232	5.5	14.8	0	11.8	1.724
1	2015	233	0.6	14.5	0	13.6	1.904
1	2015	234	2.2	14.3	0	8.2	1.007
1	2015	235	6.6	16.2	0	10.9	1.604
1	2015	236	4.2	16.3	3.7	8.8	1.177
1	2015	237	8.8	14	5	3.4	0.191
1	2015	238	5.3	15.4	0	14	2.137
1	2015	239	3.2	16.2	0	15.8	2.419
1	2015	240	1.9	16.5	0	12.6	1.817
1	2015	241	1.2	14.5	6.9	9.3	1.184
1	2015	242	6.5	18.6	0	10.1	1.491
1	2015	243	9.3	14.9	27.1	3.6	0.232
1	2015	244	11.1	16.3	19.7	3.8	0.28
1	2015	245	8.8	17.2	10.8	9.9	1.466
1	2015	246	10.4	15	1.4	12.9	2.038
1	2015	247	7.1	13.9	1.1	6.2	0.704
1	2015	248	7.8	15.2	3.8	14.5	2.287
1	2015	249	8.6	14.1	0	13.8	2.148
1	2015	250	5.5	14.9	0	16.4	2.569
1	2015	251	3.4	15	0	12.4	1.782
1	2015	252	7.7	15.5	0	10.5	1.536
1	2015	253	8	13.7	14.6	3.8	0.263
1	2015	254	8	13.3	7.8	15	2.336
1	2015	255	4.5	13.5	0	19.1	2.957
1	2015	256	4.8	16.7	0	11.2	1.636
1	2015	257	3.7	17.6	0	16.5	2.614
1	2015	258	6.7	14.1	0	8.3	1.089
1	2015	259	10.3	15.8	0	11.2	1.722
1	2015	260	6.9	18.8	2.9	15.9	2.629
1	2015	261	12.3	17.7	1.2	11	1.754
1	2015	262	8.4	17.6	10.9	16.7	2.793
1	2015	263	9.9	13.3	29.8	7.5	0.968
1	2015	264	7.1	13.9	1.8	11.1	1.609
1	2015	265	4.3	14.9	2.6	10.4	1.442
1	2015	266	6.6	15.6	0	12.2	1.837
1	2015	267	6.6	15.6	0	12.2	1.837
1	2015	268	9.6	18.3	0	19.7	3.448
1	2015	269	5.1	18.2	0	20.5	3.432
1	2015	270	3.7	18	5.4	20	3.277
1	2015	271	7.9	17	0	18.5	3.107
1	2015	272	2.3	18.7	0	21.2	3.473
1	2015	273	3.8	19	0	19.5	3.224
1	2015	274	7	19.1	3.8	18.3	3.109
1	2015	275	11.2	18.3	8.2	11.2	1.785
1	2015	276	9.9	18.8	0	16.4	2.815
1	2015	277	7	16.9	0	9.9	1.433
1	2015	278	11.3	17.9	0	22	3.96
1	2015	279	5.3	18.2	0	22.8	3.876
1	2015	280	6.3	19.6	0	15.7	2.595
1	2015	281	10.1	16.9	0	18	3.08
1	2015	282	2.9	16.8	0	23.3	3.787
1	2015	283	3.7	16.1	0	14.4	2.179
1	2015	284	7.4	17.8	0	17	2.827
1	2015	285	11.3	18.3	0	18.3	3.226
1	2015	286	9.7	18.4	13.5	14.7	2.458
1	2015	287	11.2	18.7	0	19.5	3.48
1	2015	288	6.3	18.4	0	19.1	3.216
1	2015	289	10	17.1	0	18.2	3.123
1	2015	290	11.3	17.6	0	17.2	2.981
1	2015	291	11.8	18.3	0	12.9	2.143
1	2015	292	9.6	16.3	0	19.7	3.375
1	2015	293	6.1	16.9	0	21.2	3.552
1	2015	294	9.6	17.7	0	17.4	2.971
1	2015	295	11.9	18.1	0	8.2	1.184
1	2015	296	15.1	20.6	4.1	16.7	3.086
1	2015	297	13.3	18.7	1.4	12.5	2.102
1	2015	298	7.3	19	0	22.7	3.977
1	2015	299	7.1	19.7	0	20.4	3.546
1	2015	300	10.4	19	0	24.6	4.494
1	2015	301	9.1	18.9	0	17.2	2.953
1	2015	302	11.8	19.1	3.4	10.7	1.708
1	2015	303	11.2	18.9	0	17.1	2.999
1	2015	304	9.6	18.1	0	22.1	3.918
1	2015	305	4.7	19.2	0	26.2	4.542
1	2015	306	5.1	18.4	0	18.3	3.022
1	2015	307	8.1	18.1	9.9	16	2.662
1	2015	308	12.4	16	6	15.4	2.605
1	2015	309	5.8	18.1	0	26.4	4.58
1	2015	310	5	22.3	0	28.3	5.128
1	2015	311	6.5	22.8	0	29	5.379
1	2015	312	6	21.6	0	27.7	5.025
1	2015	313	7.7	23.7	0	23.1	4.278
1	2015	314	11.1	22.4	0	25.3	4.834
1	2015	315	13.5	19.7	0	22.9	4.315
1	2015	316	11.9	19	0	18	3.208
1	2015	317	2.6	18.5	0	27.6	4.66
1	2015	318	3.3	18.5	0	25.4	4.287
1	2015	319	11.1	18.1	13.8	6.6	0.851
1	2015	320	14.7	18.8	15.1	6.3	0.826
1	2015	321	9.4	17.7	0	18	3.083
1	2015	322	10.4	19.9	0	24.2	4.455
1	2015	323	10.2	19.1	0	19.6	3.479
1	2015	324	11.9	19.6	7	11.8	1.946
1	2015	325	13.8	17.3	25.2	5.9	0.724
1	2015	326	13.1	19.3	0	22.1	4.113
1	2015	327	7.4	21.1	0	30.3	5.594
1	2015	328	6.4	21.1	0	28.7	5.218
1	2015	329	10.7	23.7	0	27.7	5.388
1	2015	330	15	24.3	0	24.5	4.936
1	2015	331	16.2	24.6	22.6	18.5	3.648
1	2015	332	17.6	22.3	1.8	13.8	2.562
1	2015	333	8	24.5	0	31.3	6.039
1	2015	334	12.9	22.2	1.3	15.9	2.897
1	2015	335	16.3	20.7	0	12	2.099
1	2015	336	15.3	20.8	0	14.6	2.644
1	2015	337	14.5	23.1	0	20.1	3.89
1	2015	338	14	22.3	0	16.4	3.039
1	2015	339	9.6	20.2	0	21.1	3.802
1	2015	340	12.5	19.7	2	13	2.21
1	2015	341	14.3	20	0	20	3.746
1	2015	342	10.9	18.6	0	19.3	3.425
1	2015	343	8.6	20.9	0	27.1	5.005
1	2015	344	9.5	19.2	0	20.7	3.678
1	2015	345	14.7	22.6	2.7	22.6	4.426
1	2015	346	16.3	23	14.9	14.4	2.682
1	2015	347	15.9	20.4	0	23.3	4.536
1	2015	348	9	19.3	0	24.8	4.483
1	2015	349	8.9	20	0	20.3	3.605
1	2015	350	11.7	20.9	1.6	20.4	3.766
1	2015	351	9.1	19.9	0	28	5.16
1	2015	352	10.6	21.1	0	27.4	5.182
1	2015	353	9.5	23.2	0	30.6	5.904
1	2015	354	10.6	23	0	25.8	4.944
1	2015	355	12.5	22.5	0	27.1	5.292
1	2015	356	13.7	23.3	0	23.7	4.654
1	2015	357	12.8	24.3	0	24	4.724
1	2015	358	14.2	20.4	2.6	15.7	2.84
1	2015	359	14.4	23.8	0	20.5	4.001
1	2015	360	12.4	26.9	0	28.3	5.784
1	2015	361	11.1	27.4	0	30.6	6.249
1	2015	362	14	26.6	0	26.4	5.426
1	2015	363	12.2	23.9	0	31.3	6.258
1	2015	364	8.6	25.6	0	23.3	4.443
1	2015	365	14.5	26.5	0	26.8	5.537
1	2016	1	16.5	20.2	1.1	7.9	1.201
1	2016	2	16.9	20.5	25.7	5.1	0.595
1	2016	3	16	23.2	1.1	11.4	2.01
1	2016	4	15.8	23	0	25	5.023
1	2016	5	9.1	22.9	0	26.8	5.073
1	2016	6	11.1	21.7	0	29.1	5.596
1	2016	7	12.8	22.4	3.1	18.5	3.457
1	2016	8	15	22.6	16.2	6.4	0.882
1	2016	9	17.6	23	0	29.6	6.149
1	2016	10	12.9	22.1	0	20.9	3.964
1	2016	11	11	22.9	1.6	19.1	3.54
1	2016	12	14.7	24.2	0	13.1	2.382
1	2016	13	10.5	24.5	0	28.8	5.656
1	2016	14	14.1	25.3	0	20.3	4.002
1	2016	15	13.6	24.9	0	23.2	4.61
1	2016	16	13.6	27.1	0	24	4.888
1	2016	17	11.9	26.4	0	19.6	3.806
1	2016	18	17.2	25.2	25.4	15.3	2.967
1	2016	19	17.2	25.2	0	23.5	4.851
1	2016	20	15.2	25.3	0	19.7	3.908
1	2016	21	13.4	27.4	0	28.7	5.956
1	2016	22	13.3	26.6	0	26.5	5.413
1	2016	23	12	29.3	0	28.7	5.984
1	2016	24	13.7	30.3	0	27.9	5.947
1	2016	25	14.4	29.7	0	25.1	5.3
1	2016	26	17.1	29	0	20.8	4.374
1	2016	27	21	28.4	0	15.3	3.158
1	2016	28	17.6	28.7	0	22.4	4.762
1	2016	29	18.3	27.8	0	20.7	4.35
1	2016	30	15.4	28.7	0	23.6	4.95
1	2016	31	17.8	27.8	5.2	19.1	3.953
1	2016	32	18.8	25	2.6	16.3	3.238
1	2016	33	18	28.3	0	20.6	4.334
1	2016	34	17.8	27.9	0	26.8	5.779
1	2016	35	16.5	25.5	0	17.1	3.368
1	2016	36	18.2	24.7	1.8	10.7	1.919
1	2016	37	18.5	26.3	0	15.3	3.032
1	2016	38	19.2	27.9	0	22.3	4.772
1	2016	39	18.1	26.7	0	19	3.901
1	2016	40	17.6	23.5	0	8.2	1.32
1	2016	41	15.5	28.7	0	18.5	3.763
1	2016	42	17.9	27.5	0	15.1	3.001
1	2016	43	15.4	29.9	0	24.8	5.286
1	2016	44	15.4	29.9	0	24.8	5.286
1	2016	45	17.1	26.8	0	21.1	4.358
1	2016	46	16.3	26.5	0	15.6	3.047
1	2016	47	17.5	27	2.6	15.8	3.141
1	2016	48	17.8	22.4	18.9	5.4	0.679
1	2016	49	18.6	26.2	15	12.1	2.281
1	2016	50	17.6	25.8	0	18.6	3.759
1	2016	51	11.9	25.5	0	21.2	4.124
1	2016	52	13.1	26.6	0	19.3	3.789
1	2016	53	14.5	27.9	0	21.8	4.46
1	2016	54	17.6	26.1	2.3	15.2	2.979
1	2016	55	12.9	26.3	0	22.7	4.53
1	2016	56	9.9	26	0	23.7	4.604
1	2016	57	13.5	27.7	0	21.9	4.434
1	2016	58	13.4	28.4	4.2	16.3	3.179
1	2016	59	17	27.9	1.1	16.7	3.364
1	2016	60	19	23	9	5.3	0.667
1	2016	61	16.9	21.1	0	9.1	1.48
1	2016	62	15.2	24.2	0	21.6	4.292
1	2016	63	14.8	24.8	0	21.4	4.256
1	2016	64	12.6	26.2	0	20.4	4.002
1	2016	65	11.8	26.2	0	20.3	3.949
1	2016	66	10.9	24.8	0	14.6	2.633
1	2016	67	15.6	24.3	0	12.1	2.18
1	2016	68	16.8	25.4	0	20.8	4.223
1	2016	69	16.5	25.3	0	22.5	4.595
1	2016	70	9.6	23.4	0	20.1	3.718
1	2016	71	13.8	24.7	0	16.2	3.06
1	2016	72	7.5	22	0	22.5	4.074
1	2016	73	7.8	23.6	0	19.2	3.473
1	2016	74	11.5	23.2	0	10.9	1.818
1	2016	75	13.4	23.8	1.1	12.8	2.278
1	2016	76	16.1	26.3	0	16.1	3.151
1	2016	77	13.9	22	3.2	9.9	1.623
1	2016	78	16.1	23.2	0	11.2	1.967
1	2016	79	16.7	22.9	0	11.9	2.13
1	2016	80	14.5	23.5	0	10.9	1.877
1	2016	81	14.2	25.4	0	14.9	2.801
1	2016	82	15.1	24.9	0	15.4	2.924
1	2016	83	18	23.9	1.8	8.8	1.467
1	2016	84	19.8	23	5.1	4.9	0.58
1	2016	85	17.6	24.9	0	10.7	1.912
1	2016	86	17.1	25.3	0	12.8	2.393
1	2016	87	13.8	24.6	0	14.7	2.725
1	2016	88	12	24	0	15.3	2.792
1	2016	89	9.4	24.7	0	18.9	3.505
1	2016	90	11.4	24.2	0	17.2	3.191
1	2016	91	8	22.1	0	12.4	2.041
1	2016	92	11.9	20.5	3.2	6.3	0.817
1	2016	93	14.9	25.4	3.5	11.3	2.008
1	2016	94	16.7	24	1.9	12.1	2.197
1	2016	95	14.9	22.6	2.1	14.7	2.702
1	2016	96	10.8	21.4	0	14.7	2.564
1	2016	97	5.6	20.9	0	17.8	3.024
1	2016	98	5.4	21.3	0	12	1.89
1	2016	99	10.9	22.8	0	10.9	1.8
1	2016	100	8.5	21.7	0	11.7	1.9
1	2016	101	11.4	21.4	0	9.9	1.574
1	2016	102	13.2	22.4	0	9.6	1.554
1	2016	103	10.5	23.2	8.6	9.3	1.462
1	2016	104	15.6	19.2	0	7.2	1.029
1	2016	105	7.8	21.7	0	16.5	2.858
1	2016	106	3.6	20.7	0	14.5	2.321
1	2016	107	6.5	20.9	0	11.1	1.726
1	2016	108	11.5	18.9	2.7	4.8	0.494
1	2016	109	15.1	22.3	0	13.1	2.348
1	2016	110	8.3	22.3	0	14.6	2.502
1	2016	111	8	20.6	0	12.4	2.009
1	2016	112	5.3	21.6	0	13.4	2.17
1	2016	113	11.4	20.6	0	9.1	1.395
1	2016	114	6.8	22	1.7	12	1.933
1	2016	115	12.3	18.2	0	5.3	0.596
1	2016	116	7.4	20.9	0	11.8	1.883
1	2016	117	9.5	20	0	10.7	1.684
1	2016	118	5.2	19.4	0	9.8	1.425
1	2016	119	10.1	18.4	0	5.8	0.684
1	2016	120	11.5	18.3	0	5.4	0.612
1	2016	121	10.9	21.1	0	12.9	2.185
1	2016	122	8.5	21.7	0	10.6	1.676
1	2016	123	10.6	21.9	0	8.9	1.361
1	2016	124	9.1	21.9	0	9.3	1.422
1	2016	125	9.2	20.9	0	8.1	1.165
1	2016	126	12.3	20.5	1.9	4.4	0.422
1	2016	127	16.3	20.2	0	5	0.568
1	2016	128	13.2	22.2	0	10.3	1.701
1	2016	129	8.1	17	0	5.5	0.602
1	2016	130	9.6	21.2	0	11	1.768
1	2016	131	8.9	20.8	0	9	1.342
1	2016	132	12	20.6	2.2	3.6	0.254
1	2016	133	16.1	19.9	0	5.9	0.76
1	2016	134	12.7	20.9	1.8	4.9	0.531
1	2016	135	12.7	20.4	0	10.7	1.747
1	2016	136	7.7	20.7	0	9	1.324
1	2016	137	11.3	20.3	8	6.4	0.831
1	2016	138	11.9	18	0	8.3	1.203
1	2016	139	5.8	18.2	10.9	3.9	0.289
1	2016	140	9.5	18.1	1.2	8.5	1.214
1	2016	141	9.7	19.9	5.4	8.6	1.26
1	2016	142	10.9	16.4	1.4	6.1	0.735
1	2016	143	6.3	17.1	1.3	8	1.065
1	2016	144	4.8	13.8	4.8	4.6	0.395
1	2016	145	8.1	16.5	4.3	4.8	0.464
1	2016	146	11.5	17.9	4.8	5.9	0.711
1	2016	147	8.1	17.4	2.8	7.3	0.954
1	2016	148	8.9	17.2	5.7	4.3	0.374
1	2016	149	12.1	19.8	9.6	7.2	0.999
1	2016	150	14.3	17.5	29.3	3.9	0.314
1	2016	151	9	16.3	8.2	7.5	0.991
1	2016	152	7.3	14.8	2	7.8	1.012
1	2016	153	4.5	14.8	0	8.9	1.173
1	2016	154	2.2	14.3	0	10.1	1.336
1	2016	155	-0.7	14.4	0	9.7	1.217
1	2016	156	-1.1	15.2	0	9.3	1.157
1	2016	157	-1.1	14.8	0	9.3	1.15
1	2016	158	-0.4	15.3	0	8.9	1.103
1	2016	159	2.8	16.1	0	6.4	0.719
1	2016	160	8.3	16.7	0	5.6	0.621
1	2016	161	11.9	18.5	0	3.9	0.31
1	2016	162	15.7	19.1	7.1	2.8	0.089
1	2016	163	10.2	18.3	0	8	1.125
1	2016	164	8.5	15.2	2.6	3.9	0.288
1	2016	165	5.9	13.5	0	9.6	1.301
1	2016	166	1.9	13.7	0	5.4	0.516
1	2016	167	6.3	16.6	0	6.7	0.814
1	2016	168	6.1	15.5	0	5.3	0.542
1	2016	169	2.3	13.9	0	7	0.796
1	2016	170	4.7	14.4	0	4.6	0.398
1	2016	171	8.3	16.7	0	7.1	0.91
1	2016	172	3.7	18.4	0	8.3	1.106
1	2016	173	7	16.3	11.5	3.1	0.135
1	2016	174	11.6	18.1	37.8	2.2	0
1	2016	175	14.7	17	8.1	3.5	0.231
1	2016	176	10	16.6	0	6.8	0.867
1	2016	177	6	15.4	10.2	1.9	0
1	2016	178	9	15.9	19.1	5.1	0.523
1	2016	179	8.1	16.2	11	4.3	0.367
1	2016	180	10.4	16.5	7.8	7	0.909
1	2016	181	8.3	12.7	23.4	1.9	0
1	2016	182	10.6	14.5	5.4	4	0.312
1	2016	183	2.5	12.7	0	9.6	1.227
1	2016	184	-2.5	12.1	0	9.6	1.128
1	2016	185	-2.1	8.2	0	6.3	0.578
1	2016	186	-0.9	14.7	0	9.5	1.185
1	2016	187	0.4	15.3	0	7.6	0.893
1	2016	188	5.2	10.7	0	2.9	0.088
1	2016	189	6.8	13.8	17.9	2.8	0.076
1	2016	190	9.1	16.3	5	4.1	0.332
1	2016	191	9	13.4	0	5.9	0.659
1	2016	192	5.7	15.1	0	7.5	0.942
1	2016	193	3.9	14.4	0	9.6	1.282
1	2016	194	0.5	15.7	0	9.5	1.227
1	2016	195	0.6	13.8	17.7	5.8	0.574
1	2016	196	3.3	15.1	2.7	7.7	0.945
1	2016	197	5.8	15.6	10.2	6.1	0.689
1	2016	198	7.5	13.9	0	7.6	0.967
1	2016	199	8.2	15.3	4.1	7.6	0.99
1	2016	200	3.5	14.7	0	8.2	1.032
1	2016	201	2.1	14.9	10.1	6.1	0.648
1	2016	202	6.2	15.3	0	8.5	1.135
1	2016	203	8.9	15.1	0	7.3	0.938
1	2016	204	2.5	14.9	8.2	6.9	0.792
1	2016	205	4.8	17.4	13	4.8	0.452
1	2016	206	13.7	16.3	6.7	7.5	1.041
1	2016	207	8.2	14.7	17	7.5	0.965
1	2016	208	5.7	13.7	4.1	4.9	0.454
1	2016	209	4.2	16.9	0	8	1.038
1	2016	210	7.8	15	15.6	4.2	0.342
1	2016	211	9.1	14.4	2.3	8.8	1.218
1	2016	212	5.2	15.1	12.4	6.7	0.79
1	2016	213	6.6	12.7	3.5	7.3	0.885
1	2016	214	4.8	14.8	15.2	8.5	1.106
1	2016	215	6.9	16	0	11.3	1.681
1	2016	216	7.2	15.6	6.8	4.6	0.417
1	2016	217	9.2	13.9	3.8	3.9	0.286
1	2016	218	7.1	14.7	3.4	8.1	1.065
1	2016	219	4.3	9.4	1.8	6.2	0.635
1	2016	220	4.8	11.4	0	11.1	1.503
1	2016	221	-2.3	11.4	0	12.6	1.584
1	2016	222	-0.9	13.6	0	12.6	1.674
1	2016	223	5.4	12.4	0	4.7	0.408
1	2016	224	7.8	14.7	0	5.3	0.547
1	2016	225	2.2	15.6	0	9.1	1.185
1	2016	226	7.6	15.3	0	7.7	1.002
1	2016	227	3	14.7	0	9.1	1.183
1	2016	228	7.5	15.9	0	12	1.823
1	2016	229	1.3	17.3	0	13.7	2.018
1	2016	230	1.3	16.5	0	14.2	2.084
1	2016	231	1.1	16.1	0	12.2	1.717
1	2016	232	2.3	15.8	0	13.9	2.04
1	2016	233	6	16.2	0	11.3	1.668
1	2016	234	2.1	16.2	0	14.6	2.17
1	2016	235	4.8	15.6	0	9.5	1.304
1	2016	236	5.3	16.5	0	13.1	1.996
1	2016	237	3.8	12.2	22.7	3.6	0.209
1	2016	238	8.2	16.6	28.1	2.2	0
1	2016	239	11.9	18.5	4.4	6.6	0.862
1	2016	240	10	14.7	0	11	1.657
1	2016	241	4.7	16.9	0	14.2	2.196
1	2016	242	4	13.5	0	4.1	0.301
1	2016	243	7.6	18.5	0	14	2.269
1	2016	244	3.4	18.1	0	15.1	2.36
1	2016	245	4.4	14.6	0	8.3	1.061
1	2016	246	8.7	18.1	2.8	9.8	1.459
1	2016	247	11.2	17.3	0	9	1.326
1	2016	248	12.2	17.6	12.8	5.1	0.552
1	2016	249	12.9	16.2	1.1	11.6	1.858
1	2016	250	10.5	16.5	0	13.4	2.173
1	2016	251	5.5	15.9	8	10.3	1.468
1	2016	252	5.1	11.1	0	9.1	1.158
1	2016	253	3.8	13.6	0	14.8	2.178
1	2016	254	3.3	16.9	0	18.3	2.911
1	2016	255	0.9	17.3	0	18.6	2.877
1	2016	256	1.9	14.8	0	10.9	1.479
1	2016	257	4.4	17.4	0	13.4	2.052
1	2016	258	10.3	18.2	24.4	10.3	1.586
1	2016	259	12.5	16.3	4.4	6.5	0.827
1	2016	260	12.6	18.2	0	5.3	0.598
1	2016	261	12.9	16.4	14.4	3.7	0.266
1	2016	262	12.5	18.9	0	11.6	1.903
1	2016	263	8.2	18	0	17.1	2.878
1	2016	264	7.8	15.9	11.5	11.1	1.658
1	2016	265	11.1	14.7	2.6	8.3	1.152
1	2016	266	10.4	15.8	8.2	8	1.098
1	2016	267	11.9	18.7	0	10.3	1.621
1	2016	268	12.7	18.5	11.1	10.4	1.652
1	2016	269	12.8	14.7	11.9	4	0.32
1	2016	270	11	17.6	0	12.1	1.949
1	2016	271	11.8	18.3	0	11.9	1.939
1	2016	272	10.9	18.5	21.3	12.1	1.965
1	2016	273	12	17.1	8.4	8.3	1.193
1	2016	274	11.2	17.6	1.1	10.6	1.651
1	2016	275	11.7	18.1	8.2	9.9	1.527
1	2016	276	12.8	18.6	9.9	9.6	1.49
1	2016	277	8.7	18.5	4.4	15.7	2.632
1	2016	278	8	18.4	13.1	14.2	2.315
1	2016	279	12.3	18.1	13	18	3.192
1	2016	280	11.2	16.1	15.6	11	1.705
1	2016	281	8.2	16.2	2.3	16.3	2.668
1	2016	282	6.5	17.4	0	18.1	2.997
1	2016	283	12.6	16.5	2.7	9.9	1.516
1	2016	284	9.8	17.6	0	11.9	1.885
1	2016	285	9.4	21.3	0	16.8	2.956
1	2016	286	12.1	19.5	0	11.2	1.824
1	2016	287	5.2	18	0	21.4	3.598
1	2016	288	4.9	17.3	6.5	12.4	1.874
1	2016	289	7.2	16.1	3.1	17	2.769
1	2016	290	4.5	17.5	0	18.2	2.953
1	2016	291	11.1	19	0	23.4	4.282
1	2016	292	5.4	19.3	0	22.4	3.851
1	2016	293	7.8	19.3	0	11.6	1.819
1	2016	294	13.8	18.4	5.3	6.6	0.878
1	2016	295	9.4	17.9	0	23.3	4.138
1	2016	296	8.4	18.8	0	23.4	4.154
1	2016	297	4	21	0	24.6	4.288
1	2016	298	9.3	20.5	0	14.7	2.502
1	2016	299	14.1	19.8	6.2	9.9	1.592
1	2016	300	11.5	18.6	2.8	17.5	3.08
1	2016	301	10.6	19.1	0	19.9	3.554
1	2016	302	9.1	19.3	4.4	19.5	3.426
1	2016	303	10.6	17.8	0	23.2	4.167
1	2016	304	4.6	18.1	0	23.7	4.011
1	2016	305	4.4	18.4	0	24.6	4.185
1	2016	306	3.5	18.9	2.9	23.5	3.96
1	2016	307	11.7	18.5	1.6	15.5	2.675
1	2016	308	6.5	18.9	0	23.3	4.055
1	2016	309	9.1	17.4	2.3	23.7	4.182
1	2016	310	9.1	19.1	5.8	19.6	3.439
1	2016	311	11.6	21.9	16.7	18.6	3.421
1	2016	312	13.6	19.5	4.7	13	2.23
1	2016	313	11.7	20.2	0	24.3	4.549
1	2016	314	9.2	22.5	0	27.8	5.265
1	2016	315	12.3	20.6	0	15.9	2.834
1	2016	316	14.4	21.9	6.8	16.4	3.039
1	2016	317	14.5	16.8	1.3	13.1	2.211
1	2016	318	11.1	18.1	0	19.5	3.455
1	2016	319	7.4	20.4	1.2	16	2.708
1	2016	320	13.9	18.9	20.3	4.4	0.422
1	2016	321	14.5	18.9	15.9	21.2	3.965
1	2016	322	10.8	16.9	2.9	19.8	3.461
1	2016	323	7.1	18.9	0	27.1	4.823
1	2016	324	11.6	18.3	0	6.3	0.796
1	2016	325	12.6	19.2	0	28.2	5.353
1	2016	326	9	19.7	0	29	5.345
1	2016	327	8.6	22.7	0	29	5.491
1	2016	328	8.4	23	0	30	5.703
1	2016	329	9.6	24	0	23.4	4.438
1	2016	330	13.5	20.5	5.9	6.8	0.936
1	2016	331	11.3	21.2	0	23.1	4.326
1	2016	332	12	19.7	5.4	15.6	2.737
1	2016	333	9.8	17.9	0	25	4.494
1	2016	334	11	18.5	0	16.5	2.858
1	2016	335	13.9	20.2	0	17.3	3.165
1	2016	336	12.8	21.7	0	16.3	2.965
1	2016	337	12.8	22.5	0	22.6	4.341
1	2016	338	9.6	22.6	0	26.4	5
1	2016	339	9.7	22.5	0	22.5	4.188
1	2016	340	11.2	24.3	0	28.4	5.598
1	2016	341	11.6	25.4	1.8	22.3	4.348
1	2016	342	14.1	23.9	10.9	20.7	4.037
1	2016	343	14.2	19.9	3.1	7.1	1.001
1	2016	344	14.9	25.9	0	23.8	4.847
1	2016	345	17.1	22.7	4.9	10	1.708
1	2016	346	11.1	18.7	1.2	25.9	4.777
1	2016	347	11.7	19.5	0	24.1	4.475
1	2016	348	8.6	19.9	0	28.9	5.314
1	2016	349	10.6	19.5	0	10.1	1.572
1	2016	350	13.7	21.6	1.2	11.8	2.022
1	2016	351	12	20.1	0	28.9	5.515
1	2016	352	8.5	23.2	0	28.2	5.348
1	2016	353	8.3	23	0	23.9	4.439
1	2016	354	12.4	20	4.7	10.4	1.672
1	2016	355	6.9	22.4	0	31.2	5.823
1	2016	356	8.7	26	0	28.1	5.49
1	2016	357	12.5	25.4	14.4	23.2	4.584
1	2016	358	12.9	19.3	0	25.9	4.896
1	2016	359	7.7	20.2	0	26.3	4.762
1	2016	360	9.9	20.1	0	17.1	2.995
1	2016	361	9.6	22.1	0	19.3	3.504
1	2016	362	14.1	20.2	0	15.3	2.746
1	2016	363	14	22.7	0	28.3	5.642
1	2016	364	11.3	17.8	0	13.5	2.242
1	2016	365	7.5	23.6	0	28.9	5.459
1	2016	366	7.5	23.9	0	26.2	4.918
1	2017	1	11.8	22.7	0	15.2	2.73
1	2017	2	15.9	22.5	5	9.3	1.53
1	2017	3	18.7	21.7	2.8	4.2	0.409
1	2017	4	15.5	20	0	21.5	4.113
1	2017	5	6.8	21.2	0	31.4	5.784
1	2017	6	7	21.1	0	25.8	4.673
1	2017	7	11.3	21.6	0	27.9	5.35
1	2017	8	12.9	21	0	22	4.154
1	2017	9	13.4	21.4	0	15.8	2.867
1	2017	10	14.6	23.8	0	18.1	3.477
1	2017	11	13	25.2	0	24.1	4.796
1	2017	12	13.4	24.5	4.3	24.3	4.826
1	2017	13	17.5	24	0	26.1	5.403
1	2017	14	10.5	24.3	0	26.6	5.175
1	2017	15	15.8	23.3	3.2	8	1.251
1	2017	16	12.9	22.3	0	28.3	5.56
1	2017	17	8.2	24.7	0	29.8	5.748
1	2017	18	12	23.7	0	16.1	2.957
1	2017	19	15.1	20.9	7.3	14.8	2.684
1	2017	20	9.9	20.7	0	27.7	5.185
1	2017	21	7	22.9	15.7	19	3.379
1	2017	22	13.3	21.5	2.2	21	3.978
1	2017	23	14.3	19.9	0	18.9	3.508
1	2017	24	12.2	23.5	0	24.9	4.854
1	2017	25	10.9	20.9	1.4	10.1	1.6
1	2017	26	8.5	21.9	0	26.4	4.909
1	2017	27	11.2	22.7	0	24.9	4.768
1	2017	28	9.6	26.6	0	29.3	5.831
1	2017	29	9.6	25.1	0	26.4	5.127
1	2017	30	8	26.9	0	27	5.265
1	2017	31	14.8	25.4	0	19.6	3.875
1	2017	32	13	23.2	0	14.3	2.581
1	2017	33	16.2	25	2.4	14.7	2.798
1	2017	34	18.1	26.1	0	22.5	4.697
1	2017	35	8.7	23.9	0	28.1	5.376
1	2017	36	11.2	26.8	0	26.9	5.404
1	2017	37	9.7	27.8	0	27.6	5.532
1	2017	38	15.5	26.7	0	16.7	3.282
1	2017	39	18.6	24.1	0	8.8	1.478
1	2017	40	14.2	23.3	2.3	16.7	3.14
1	2017	41	8.9	23	0	19.9	3.636
1	2017	42	8.9	24.3	0	26.2	5.009
1	2017	43	10.1	24.6	1.4	15.1	2.714
1	2017	44	15.4	24.8	0	8.6	1.399
1	2017	45	16.9	20.4	0	7.9	1.208
1	2017	46	14.2	24.5	1.1	20.2	3.953
1	2017	47	14.3	19.5	46.5	4	0.342
1	2017	48	15.3	23.5	29.5	9.5	1.58
1	2017	49	17.5	25.4	11	14.5	2.796
1	2017	50	19.2	25.7	4.5	13.2	2.541
1	2017	51	17.5	25	0	18.5	3.705
1	2017	52	14.3	25.6	0	19.3	3.797
1	2017	53	14.6	25.9	0	19.9	3.953
1	2017	54	12.7	27.6	0	20.7	4.126
1	2017	55	15.5	26.6	0	21.3	4.333
1	2017	56	13.9	25.4	0	22.1	4.4
1	2017	57	11.6	25.4	0	20.1	3.868
1	2017	58	12.3	25.7	0	16.1	3.023
1	2017	59	15.6	25.6	3.3	13.5	2.525
1	2017	60	17.6	26.1	0	15.9	3.142
1	2017	61	12.9	24	0	21.4	4.148
1	2017	62	8.2	23.4	0	22	4.059
1	2017	63	12.4	23.8	0	14.2	2.56
1	2017	64	12.5	22.3	0	16.8	3.08
1	2017	65	15.7	23.5	0	19.3	3.772
1	2017	66	12.3	22.8	72.3	9.5	1.525
1	2017	67	12.8	17	13.4	4	0.328
1	2017	68	13.1	23	0	18.2	3.423
1	2017	69	16.9	24.6	75.3	9.1	1.53
1	2017	70	19.2	24.9	7.5	8.3	1.38
1	2017	71	19.7	24.9	9.9	8.7	1.48
1	2017	72	18	22.6	0	18.7	3.686
1	2017	73	12.9	22	0	16.9	3.105
1	2017	74	9.3	22.6	0	20.8	3.822
1	2017	75	8.5	23.9	0	19.9	3.654
1	2017	76	9.9	24.8	0	18.5	3.44
1	2017	77	11.9	23.3	0	15.6	2.835
1	2017	78	10.9	24.2	0	20	3.775
1	2017	79	9.4	21.9	0	13.5	2.293
1	2017	80	12.9	23.6	0	17	3.175
1	2017	81	13.7	23.5	0	9.7	1.6
1	2017	82	17.7	24.1	0	17.3	3.407
1	2017	83	12.1	22.5	0	11.4	1.923
1	2017	84	14.3	22.2	1.8	7.3	1.068
1	2017	85	16.4	24.2	22.8	12.2	2.217
1	2017	86	17.5	24.7	2.7	13.1	2.457
1	2017	87	15.3	25.5	34.9	14.1	2.652
1	2017	88	17.3	20.2	9.6	4.7	0.508
1	2017	89	17.5	22.6	0	12	2.162
1	2017	90	13.1	23.1	0	11.9	2.061
1	2017	91	11.3	23.8	0	15.5	2.811
1	2017	92	12.4	24.7	0	9.8	1.62
1	2017	93	16.3	24.3	17	9.1	1.517
1	2017	94	18.1	18.7	91.8	3.3	0.199
1	2017	95	14.1	22.5	14.6	4.5	0.46
1	2017	96	14.2	19.8	1.8	13.1	2.272
1	2017	97	12.2	20.9	0	13.6	2.356
1	2017	98	7.6	21.6	0	17	2.95
1	2017	99	8	20.5	0	13.5	2.227
1	2017	100	10	22.1	0	12.8	2.166
1	2017	101	12.9	24.2	0	12.1	2.123
1	2017	102	17.2	21.6	43	2.2	0
1	2017	103	17	18.7	38.3	2.2	0
1	2017	104	14.7	21.6	2.7	12.2	2.128
1	2017	105	14.6	19.9	5.8	11	1.835
1	2017	106	11.5	20.9	5.8	12.5	2.11
1	2017	107	11.9	19.1	3	11.5	1.875
1	2017	108	8.1	21.1	0	14.9	2.526
1	2017	109	7.7	19.8	0	13.9	2.283
1	2017	110	9.1	19.9	0	13	2.138
1	2017	111	6.5	19.3	0	14.5	2.359
1	2017	112	7.1	21	0	14.5	2.418
1	2017	113	7.9	19.9	0	10.9	1.694
1	2017	114	11.8	21.4	0	12.9	2.211
1	2017	115	6.6	21.7	0	14	2.323
1	2017	116	6.3	21	0	13.2	2.14
1	2017	117	6	21.1	0	11.3	1.76
1	2017	118	7.4	21.9	0	11.9	1.923
1	2017	119	12	18.2	24.4	2.5	0.023
1	2017	120	16.3	18.6	5.5	8.1	1.222
1	2017	121	8.1	15.8	0	12.7	1.967
1	2017	122	1.8	16.6	0	13.1	1.906
1	2017	123	4.6	17.8	4.4	12.1	1.822
1	2017	124	9.6	16.6	0	10.2	1.528
1	2017	125	8.9	17.5	0	12.6	2.002
1	2017	126	3.2	18.5	0	12	1.789
1	2017	127	5.2	17	0	7.5	0.957
1	2017	128	9.2	18.3	0	6.9	0.895
1	2017	129	6	19.6	0	7.9	1.071
1	2017	130	9.7	20.5	0	9.1	1.37
1	2017	131	12.4	18.5	36.6	2.2	0
1	2017	132	13.6	15	27.3	1.9	0
1	2017	133	7.1	15.6	0	11.7	1.753
1	2017	134	1.3	15.9	0	11.2	1.542
1	2017	135	4	17	0	7.5	0.944
1	2017	136	4.6	16.7	3.9	5.5	0.577
1	2017	137	8.4	18.4	14.7	4.3	0.377
1	2017	138	14.2	17.7	1.8	4.6	0.46
1	2017	139	12.5	15.3	1.4	6.8	0.878
1	2017	140	10	14.2	3.9	5.3	0.558
1	2017	141	-0.4	12.4	0	11.2	1.43
1	2017	142	-1.6	13.4	0	10.9	1.377
1	2017	143	-1.2	11.5	0	5.7	0.524
1	2017	144	3	16.9	7	4.4	0.366
1	2017	145	5.3	12.4	0	5.2	0.496
1	2017	146	4.3	17.6	14	8	1.047
1	2017	147	8.5	18.3	3.3	5.4	0.593
1	2017	148	11.7	17.4	0	5.1	0.547
1	2017	149	9.2	19.5	0	9.1	1.349
1	2017	150	8.5	17.5	0	6.7	0.842
1	2017	151	9.6	18.2	0	7.5	1.017
1	2017	152	4.9	17.7	5.2	8.3	1.112
1	2017	153	6.8	16.4	0	5.8	0.646
1	2017	154	9.9	17.1	0	8.1	1.127
1	2017	155	2.6	15.1	0	9.5	1.253
1	2017	156	5.4	12.8	4.4	3.1	0.127
1	2017	157	3.4	14.8	0	7.8	0.961
1	2017	158	1.1	15.3	0	7.9	0.954
1	2017	159	0.8	14.1	0	9.5	1.205
1	2017	160	-0.3	14.3	0	9.1	1.122
1	2017	161	2.9	16.3	0	6.3	0.704
1	2017	162	2.1	15.2	0	9.3	1.211
1	2017	163	4.6	16.2	0	5.8	0.629
1	2017	164	8.3	17	6	6.2	0.739
1	2017	165	9.8	14	0	7.1	0.898
1	2017	166	0.9	13.6	0	7.8	0.911
1	2017	167	4.2	16.7	0	6.4	0.74
1	2017	168	5.4	15.1	0	7.5	0.939
1	2017	169	5.2	16.5	0	6.5	0.766
1	2017	170	8.2	17.5	0	6.6	0.82
1	2017	171	4.7	17.3	0	9.1	1.254
1	2017	172	6.1	15.9	1.3	6.4	0.75
1	2017	173	10.3	16.6	10.8	2.9	0.101
1	2017	174	12.8	17.4	16.3	3	0.125
1	2017	175	12	15.2	0	4.4	0.398
1	2017	176	7.2	15.3	5.9	4.7	0.435
1	2017	177	1.8	13.7	0	9.4	1.198
1	2017	178	-0.5	13.4	0	9.3	1.137
1	2017	179	0.4	14.5	0	8.5	1.035
1	2017	180	2.2	15.3	0	9	1.162
1	2017	181	0.8	13.3	0	6.8	0.739
1	2017	182	3.5	15.3	28.4	2.2	0
1	2017	183	8.8	16.5	1.9	6.3	0.758
1	2017	184	8.3	15.5	0	6.6	0.803
1	2017	185	4.1	15.1	0	5.8	0.614
1	2017	186	7.2	14.6	3.2	6.2	0.711
1	2017	187	9	13.5	28.6	2.7	0.059
1	2017	188	9	12.6	0	3.1	0.133
1	2017	189	5.1	14.1	12.8	5	0.47
1	2017	190	7.3	14.5	1.6	6.5	0.766
1	2017	191	7.3	15.3	0	8.8	1.206
1	2017	192	2.9	14.4	5.4	8	0.984
1	2017	193	3.8	11.6	0	7.5	0.872
1	2017	194	1.3	8.8	2.4	3.4	0.16
1	2017	195	3.7	10.4	1.6	3.1	0.12
1	2017	196	0.2	13.9	0	10	1.274
1	2017	197	-0.6	13.3	0	7.2	0.789
1	2017	198	2.8	14.7	0	7.6	0.916
1	2017	199	7.4	17.5	0	6.9	0.871
1	2017	200	3.5	16.4	0	7	0.838
1	2017	201	5.5	18.1	23.6	4.8	0.459
1	2017	202	9.7	14.9	23.5	4.9	0.483
1	2017	203	9.1	14	3.8	4.6	0.419
1	2017	204	3.6	14.8	0	8.3	1.052
1	2017	205	5.8	15	2	6.6	0.776
1	2017	206	6.6	15.1	0	9	1.231
1	2017	207	3.7	15.2	0	8.9	1.167
1	2017	208	4.6	15.3	10.3	6	0.656
1	2017	209	6.5	14.1	0	5.8	0.627
1	2017	210	0.7	11.1	0	11.6	1.49
1	2017	211	-2.7	12.8	0	11.7	1.467
1	2017	212	-2	12.2	0	8.9	1.028
1	2017	213	0.7	13.8	0	4.2	0.305
1	2017	214	7.9	14.5	0	4.1	0.322
1	2017	215	8.5	15.4	0	10.5	1.548
1	2017	216	0.4	13.5	0	11.3	1.488
1	2017	217	-0.3	15.2	0	10.5	1.374
1	2017	218	1.1	15	15.4	6.9	0.778
1	2017	219	6.6	18.4	0	9.7	1.412
1	2017	220	8.9	17.8	10	5.9	0.691
1	2017	221	12.8	15.2	19.8	2	0
1	2017	222	9.4	16.2	1.9	9.5	1.382
1	2017	223	7.4	15.7	0	10.3	1.496
1	2017	224	9.6	17.9	1.2	7.2	0.955
1	2017	225	7	17.3	2.2	10.8	1.612
1	2017	226	7	17.3	2.2	10.8	1.612
1	2017	227	5.7	14.8	2.3	8.6	1.141
1	2017	228	6.3	15.6	4.5	6.9	0.842
1	2017	229	6.6	15.4	3.9	3.8	0.264
1	2017	230	8	17	0	10.4	1.547
1	2017	231	9.3	16.4	7.3	5.9	0.684
1	2017	232	8.6	14.7	3.9	7.5	0.969
1	2017	233	7.9	16.4	0	13.5	2.129
1	2017	234	3.9	14.7	0	11.6	1.644
1	2017	235	0.6	16	0	15	2.188
1	2017	236	1	16.9	0	15.8	2.37
1	2017	237	1.7	16.9	0	14.1	2.09
1	2017	238	4.2	16.4	1.3	10.7	1.528
1	2017	239	7.9	16.4	8.2	8.5	1.171
1	2017	240	12.5	18	15.6	7.7	1.088
1	2017	241	10.8	18.1	0	12.5	2.036
1	2017	242	5.1	14.2	17.6	4.9	0.453
1	2017	243	9	17.7	0	11.1	1.713
1	2017	244	6.2	17.7	24.4	10.4	1.528
1	2017	245	9.8	13.7	7.4	6	0.686
1	2017	246	9	16	0	9.1	1.296
1	2017	247	6.6	16.6	0	16.7	2.709
1	2017	248	5.7	16.8	5.8	10.3	1.486
1	2017	249	10.3	16.6	5.8	6.2	0.752
1	2017	250	10.9	16.4	5.5	13.7	2.239
1	2017	251	7.3	16.3	13.9	14.8	2.36
1	2017	252	9.8	14.5	10.3	9	1.267
1	2017	253	5.2	12.2	16.7	8.2	1.02
1	2017	254	5.5	13.6	5.9	11.9	1.709
1	2017	255	3.7	14.6	0	13.3	1.939
1	2017	256	7.7	16.8	15.5	14.4	2.306
1	2017	257	11.8	18.8	0	10.4	1.642
1	2017	258	12.2	20.2	14.7	17.5	3.153
1	2017	259	10.9	16.6	2.2	14.4	2.382
1	2017	260	5.8	17.4	19.5	12.2	1.857
1	2017	261	8	13.6	7.5	11	1.601
1	2017	262	5.8	16.5	0	18.7	3.056
1	2017	263	3.4	18.2	2.6	17.6	2.828
1	2017	264	8.1	16.7	4.8	11.3	1.717
1	2017	265	5.6	17	0	17.8	2.897
1	2017	266	5.1	19	0	20.2	3.405
1	2017	267	7.7	17.8	0	12	1.866
1	2017	268	12	17.4	0	7.2	0.974
1	2017	269	13.7	17.7	17	3.9	0.313
1	2017	270	11	19	0	13.7	2.303
1	2017	271	10.1	19.2	0	12.9	2.125
1	2017	272	8	17.1	0	13.2	2.09
1	2017	273	6.9	18.2	0	18.4	3.095
1	2017	274	7.3	15.5	24.4	7.9	1.039
1	2017	275	7.8	16.6	0	13.2	2.074
1	2017	276	10.9	17.5	0	16.1	2.746
1	2017	277	9.1	17.9	0	19.1	3.297
1	2017	278	11.6	19.2	0	15.1	2.61
1	2017	279	10.8	17.9	0	8.9	1.308
1	2017	280	10.8	18.4	12.9	10.3	1.598
1	2017	281	13.4	16.9	5.8	7.6	1.065
1	2017	282	11.9	20.1	0	16.3	2.891
1	2017	283	9.8	19.3	5.2	14.4	2.423
1	2017	284	12.1	17	0	18	3.149
1	2017	285	8.3	18.1	0	21.4	3.726
1	2017	286	7.9	17.2	1.8	10.2	1.51
1	2017	287	8.4	19.9	0	24.6	4.443
1	2017	288	7.8	16.9	0	22.6	3.889
1	2017	289	8.7	18.2	0	16.5	2.781
1	2017	290	9.8	17.2	0	20.8	3.632
1	2017	291	7.3	19.7	0	17.5	2.981
1	2017	292	2.7	18.6	0	24.9	4.17
1	2017	293	8.1	20.5	0	22.8	4.096
1	2017	294	12.1	17.2	0	13.9	2.327
1	2017	295	13.1	18.1	4.3	9.6	1.487
1	2017	296	9.9	16.7	15.9	7.6	1.024
1	2017	297	7.8	18.8	0	18.4	3.145
1	2017	298	9.6	17.4	2.8	16.7	2.823
1	2017	299	11.6	20.2	12.3	21.8	4.026
1	2017	300	12.8	17	5.3	6.6	0.856
1	2017	301	13	16.2	16.2	6	0.73
1	2017	302	13.5	20.1	0	14.5	2.558
1	2017	303	13.6	20.9	0	23.3	4.456
1	2017	304	9.9	20.8	0	21.1	3.837
1	2017	305	11.6	19.5	0	16.1	2.824
1	2017	306	13.3	20.1	1.3	16.2	2.911
1	2017	307	12.8	19.8	7	8.7	1.32
1	2017	308	15.8	21.5	11.2	9.6	1.58
1	2017	309	12.9	20.5	0	15.5	2.764
1	2017	310	9.6	18.1	0	26.7	4.832
1	2017	311	4.5	20.2	12.5	28.1	4.947
1	2017	312	12.3	18.2	0	18.9	3.379
1	2017	313	5.3	19.4	0	25.3	4.409
1	2017	314	9.2	19.8	0	18	3.146
1	2017	315	11.4	18.5	0	19.2	3.419
1	2017	316	8.4	19.3	0	23.1	4.116
1	2017	317	7.9	20.3	0	18.8	3.279
1	2017	318	10.5	19.6	0	20.1	3.61
