row.names.df_params.	ModePrior_1	MAP_1	MaxL_1	MeanPost_1	VarPost_1	CVPost_1	MinPost_1	MaxPost_1	ModePrior_2	MAP_2	MaxL_2	MeanPost_2	VarPost_2	CVPost_2	MinPost_2	MaxPost_2	ModePrior_3	MAP_3	MaxL_3	MeanPost_3	VarPost_3	CVPost_3	MinPost_3	MaxPost_3	ModePrior_4	MAP_4	MaxL_4	MeanPost_4	VarPost_4	CVPost_4	MinPost_4	MaxPost_4	ModePrior_5	MAP_5	MaxL_5	MeanPost_5	VarPost_5	CVPost_5	MinPost_5	MaxPost_5	ModePrior_6	MAP_6	MaxL_6	MeanPost_6	VarPost_6	CVPost_6	MinPost_6	MaxPost_6	ModePrior_7	MAP_7	MaxL_7	MeanPost_7	VarPost_7	CVPost_7	MinPost_7	MaxPost_7	ModePrior_8	MAP_8	MaxL_8	MeanPost_8	VarPost_8	CVPost_8	MinPost_8	MaxPost_8	ModePrior_9	MAP_9	MaxL_9	MeanPost_9	VarPost_9	CVPost_9	MinPost_9	MaxPost_9
LOG10CLVI	2	1.847	1.975	2.004	0.03284	0.09043	1.282	2.483	2	1.847	1.975	2.004	0.03284	0.09043	1.282	2.483	2	1.847	1.975	2.004	0.03284	0.09043	1.282	2.483	2	1.997	2.077	1.874	0.05102	0.1205	1.148	2.474	2	1.997	2.077	1.874	0.05102	0.1205	1.148	2.474	2	1.997	2.077	1.874	0.05102	0.1205	1.148	2.474	2	1.472	2.269	1.903	0.05098	0.1187	1.123	2.468	2	1.472	2.269	1.903	0.05098	0.1187	1.123	2.468	2	1.472	2.269	1.903	0.05098	0.1187	1.123	2.468
LOG10CRESI	0.5	0.5	0.5	0.5	0	0	0.5	0.5	0.5	0.5	0.5	0.5	0	0	0.5	0.5	0.5	0.5	0.5	0.5	0	0	0.5	0.5	0.5	0.5	0.5	0.5	0	0	0.5	0.5	0.5	0.5	0.5	0.5	0	0	0.5	0.5	0.5	0.5	0.5	0.5	0	0	0.5	0.5	0.5	0.5	0.5	0.5	0	0	0.5	0.5	0.5	0.5	0.5	0.5	0	0	0.5	0.5	0.5	0.5	0.5	0.5	0	0	0.5	0.5
LOG10CRTI	1.5	1.5	1.5	1.5	0	0	1.5	1.5	1.5	1.5	1.5	1.5	0	0	1.5	1.5	1.5	1.5	1.5	1.5	0	0	1.5	1.5	1.5	1.5	1.5	1.5	0	0	1.5	1.5	1.5	1.5	1.5	1.5	0	0	1.5	1.5	1.5	1.5	1.5	1.5	0	0	1.5	1.5	1.5	1.5	1.5	1.5	0	0	1.5	1.5	1.5	1.5	1.5	1.5	0	0	1.5	1.5	1.5	1.5	1.5	1.5	0	0	1.5	1.5
CSTI	0	0	0	0	0	0	0	0	0	0	0	0	0	0	0	0	0	0	0	0	0	0	0	0	0	0	0	0	0	0	0	0	0	0	0	0	0	0	0	0	0	0	0	0	0	0	0	0	0	0	0	0	0	0	0	0	0	0	0	0	0	0	0	0	0	0	0	0	0	0	0	0
LOG10LAII	0.5	0.5	0.5	0.5	0	0	0.5	0.5	0.5	0.5	0.5	0.5	0	0	0.5	0.5	0.5	0.5	0.5	0.5	0	0	0.5	0.5	0.5	0.5	0.5	0.5	0	0	0.5	0.5	0.5	0.5	0.5	0.5	0	0	0.5	0.5	0.5	0.5	0.5	0.5	0	0	0.5	0.5	0.5	0.5	0.5	0.5	0	0	0.5	0.5	0.5	0.5	0.5	0.5	0	0	0.5	0.5	0.5	0.5	0.5	0.5	0	0	0.5	0.5
PHENI	0	0	0	0	0	0	0	0	0	0	0	0	0	0	0	0	0	0	0	0	0	0	0	0	0	0	0	0	0	0	0	0	0	0	0	0	0	0	0	0	0	0	0	0	0	0	0	0	0	0	0	0	0	0	0	0	0	0	0	0	0	0	0	0	0	0	0	0	0	0	0	0
TILTOTI	4000	4888	4767	4506	891800	0.2096	1508	7541	4000	4888	4767	4506	891800	0.2096	1508	7541	4000	4888	4767	4506	891800	0.2096	1508	7541	4000	4485	3830	4711	1084000	0.221	1832	7735	4000	4485	3830	4711	1084000	0.221	1832	7735	4000	4485	3830	4711	1084000	0.221	1832	7735	4000	2752	3838	3875	900600	0.2449	1260	7215	4000	2752	3838	3875	900600	0.2449	1260	7215	4000	2752	3838	3875	900600	0.2449	1260	7215
FRTILGI	0	0	0	0	0	0	0	0	0	0	0	0	0	0	0	0	0	0	0	0	0	0	0	0	0	0	0	0	0	0	0	0	0	0	0	0	0	0	0	0	0	0	0	0	0	0	0	0	0	0	0	0	0	0	0	0	0	0	0	0	0	0	0	0	0	0	0	0	0	0	0	0
LT50I	-4.789	-4.789	-4.789	-4.789	0	0	-4.789	-4.789	-4.789	-4.789	-4.789	-4.789	0	0	-4.789	-4.789	-4.789	-4.789	-4.789	-4.789	0	0	-4.789	-4.789	-4.789	-4.789	-4.789	-4.789	0	0	-4.789	-4.789	-4.789	-4.789	-4.789	-4.789	0	0	-4.789	-4.789	-4.789	-4.789	-4.789	-4.789	0	0	-4.789	-4.789	-4.789	-4.789	-4.789	-4.789	0	0	-4.789	-4.789	-4.789	-4.789	-4.789	-4.789	0	0	-4.789	-4.789	-4.789	-4.789	-4.789	-4.789	0	0	-4.789	-4.789
CLAIV	0.7054	0.7054	0.7054	0.7054	0	0	0.7054	0.7054	0.7054	0.7054	0.7054	0.7054	0	0	0.7054	0.7054	0.7054	0.7054	0.7054	0.7054	0	0	0.7054	0.7054	0.7054	0.7054	0.7054	0.7054	0	0	0.7054	0.7054	0.7054	0.7054	0.7054	0.7054	0	0	0.7054	0.7054	0.7054	0.7054	0.7054	0.7054	0	0	0.7054	0.7054	0.7054	0.7054	0.7054	0.7054	0	0	0.7054	0.7054	0.7054	0.7054	0.7054	0.7054	0	0	0.7054	0.7054	0.7054	0.7054	0.7054	0.7054	0	0	0.7054	0.7054
COCRESMX	0.275	0.3004	0.2842	0.2516	0.002434	0.1961	0.08655	0.3494	0.275	0.3004	0.2842	0.2516	0.002434	0.1961	0.08655	0.3494	0.275	0.3004	0.2842	0.2516	0.002434	0.1961	0.08655	0.3494	0.275	0.3004	0.2842	0.2516	0.002434	0.1961	0.08655	0.3494	0.275	0.3004	0.2842	0.2516	0.002434	0.1961	0.08655	0.3494	0.275	0.3004	0.2842	0.2516	0.002434	0.1961	0.08655	0.3494	0.275	0.3004	0.2842	0.2516	0.002434	0.1961	0.08655	0.3494	0.275	0.3004	0.2842	0.2516	0.002434	0.1961	0.08655	0.3494	0.275	0.3004	0.2842	0.2516	0.002434	0.1961	0.08655	0.3494
CSTAVM	0.1	0.1054	0.1117	0.0914	0.000643	0.2774	0.02802	0.1614	0.1	0.1054	0.1117	0.0914	0.000643	0.2774	0.02802	0.1614	0.1	0.1054	0.1117	0.0914	0.000643	0.2774	0.02802	0.1614	0.1	0.1054	0.1117	0.0914	0.000643	0.2774	0.02802	0.1614	0.1	0.1054	0.1117	0.0914	0.000643	0.2774	0.02802	0.1614	0.1	0.1054	0.1117	0.0914	0.000643	0.2774	0.02802	0.1614	0.1	0.1054	0.1117	0.0914	0.000643	0.2774	0.02802	0.1614	0.1	0.1054	0.1117	0.0914	0.000643	0.2774	0.02802	0.1614	0.1	0.1054	0.1117	0.0914	0.000643	0.2774	0.02802	0.1614
DAYLB	0.4	0.4837	0.4801	0.4678	0.0008494	0.0623	0.2035	0.4999	0.4	0.4837	0.4801	0.4678	0.0008494	0.0623	0.2035	0.4999	0.4	0.4837	0.4801	0.4678	0.0008494	0.0623	0.2035	0.4999	0.4	0.4837	0.4801	0.4678	0.0008494	0.0623	0.2035	0.4999	0.4	0.4837	0.4801	0.4678	0.0008494	0.0623	0.2035	0.4999	0.4	0.4837	0.4801	0.4678	0.0008494	0.0623	0.2035	0.4999	0.4	0.4837	0.4801	0.4678	0.0008494	0.0623	0.2035	0.4999	0.4	0.4837	0.4801	0.4678	0.0008494	0.0623	0.2035	0.4999	0.4	0.4837	0.4801	0.4678	0.0008494	0.0623	0.2035	0.4999
DAYLP	0.55	0.5511	0.5673	0.5933	0.003417	0.09853	0.5001	0.8508	0.55	0.5511	0.5673	0.5933	0.003417	0.09853	0.5001	0.8508	0.55	0.5511	0.5673	0.5933	0.003417	0.09853	0.5001	0.8508	0.55	0.5511	0.5673	0.5933	0.003417	0.09853	0.5001	0.8508	0.55	0.5511	0.5673	0.5933	0.003417	0.09853	0.5001	0.8508	0.55	0.5511	0.5673	0.5933	0.003417	0.09853	0.5001	0.8508	0.55	0.5511	0.5673	0.5933	0.003417	0.09853	0.5001	0.8508	0.55	0.5511	0.5673	0.5933	0.003417	0.09853	0.5001	0.8508	0.55	0.5511	0.5673	0.5933	0.003417	0.09853	0.5001	0.8508
DLMXGE	0.6	0.7358	0.7816	0.7846	0.002816	0.06764	0.6002	0.9567	0.6	0.7358	0.7816	0.7846	0.002816	0.06764	0.6002	0.9567	0.6	0.7358	0.7816	0.7846	0.002816	0.06764	0.6002	0.9567	0.6	0.7358	0.7816	0.7846	0.002816	0.06764	0.6002	0.9567	0.6	0.7358	0.7816	0.7846	0.002816	0.06764	0.6002	0.9567	0.6	0.7358	0.7816	0.7846	0.002816	0.06764	0.6002	0.9567	0.6	0.7358	0.7816	0.7846	0.002816	0.06764	0.6002	0.9567	0.6	0.7358	0.7816	0.7846	0.002816	0.06764	0.6002	0.9567	0.6	0.7358	0.7816	0.7846	0.002816	0.06764	0.6002	0.9567
FSLAMIN	0.5	0.5622	0.5652	0.5906	0.005285	0.1231	0.4022	0.8097	0.5	0.5622	0.5652	0.5906	0.005285	0.1231	0.4022	0.8097	0.5	0.5622	0.5652	0.5906	0.005285	0.1231	0.4022	0.8097	0.5	0.5622	0.5652	0.5906	0.005285	0.1231	0.4022	0.8097	0.5	0.5622	0.5652	0.5906	0.005285	0.1231	0.4022	0.8097	0.5	0.5622	0.5652	0.5906	0.005285	0.1231	0.4022	0.8097	0.5	0.5622	0.5652	0.5906	0.005285	0.1231	0.4022	0.8097	0.5	0.5622	0.5652	0.5906	0.005285	0.1231	0.4022	0.8097	0.5	0.5622	0.5652	0.5906	0.005285	0.1231	0.4022	0.8097
FSMAX	0.7	0.6721	0.6845	0.6914	0.0007499	0.03961	0.6143	0.7856	0.7	0.6721	0.6845	0.6914	0.0007499	0.03961	0.6143	0.7856	0.7	0.6721	0.6845	0.6914	0.0007499	0.03961	0.6143	0.7856	0.7	0.6721	0.6845	0.6914	0.0007499	0.03961	0.6143	0.7856	0.7	0.6721	0.6845	0.6914	0.0007499	0.03961	0.6143	0.7856	0.7	0.6721	0.6845	0.6914	0.0007499	0.03961	0.6143	0.7856	0.7	0.6721	0.6845	0.6914	0.0007499	0.03961	0.6143	0.7856	0.7	0.6721	0.6845	0.6914	0.0007499	0.03961	0.6143	0.7856	0.7	0.6721	0.6845	0.6914	0.0007499	0.03961	0.6143	0.7856
HAGERE	0.8	0.7829	0.8457	0.7938	0.002008	0.05646	0.6564	0.8947	0.8	0.7829	0.8457	0.7938	0.002008	0.05646	0.6564	0.8947	0.8	0.7829	0.8457	0.7938	0.002008	0.05646	0.6564	0.8947	0.8	0.7829	0.8457	0.7938	0.002008	0.05646	0.6564	0.8947	0.8	0.7829	0.8457	0.7938	0.002008	0.05646	0.6564	0.8947	0.8	0.7829	0.8457	0.7938	0.002008	0.05646	0.6564	0.8947	0.8	0.7829	0.8457	0.7938	0.002008	0.05646	0.6564	0.8947	0.8	0.7829	0.8457	0.7938	0.002008	0.05646	0.6564	0.8947	0.8	0.7829	0.8457	0.7938	0.002008	0.05646	0.6564	0.8947
KLAI	0.6	0.7128	0.6884	0.6739	0.006621	0.1208	0.4153	0.8931	0.6	0.7128	0.6884	0.6739	0.006621	0.1208	0.4153	0.8931	0.6	0.7128	0.6884	0.6739	0.006621	0.1208	0.4153	0.8931	0.6	0.7128	0.6884	0.6739	0.006621	0.1208	0.4153	0.8931	0.6	0.7128	0.6884	0.6739	0.006621	0.1208	0.4153	0.8931	0.6	0.7128	0.6884	0.6739	0.006621	0.1208	0.4153	0.8931	0.6	0.7128	0.6884	0.6739	0.006621	0.1208	0.4153	0.8931	0.6	0.7128	0.6884	0.6739	0.006621	0.1208	0.4153	0.8931	0.6	0.7128	0.6884	0.6739	0.006621	0.1208	0.4153	0.8931
LAICR	4	4.97	4.681	4.57	0.1851	0.09413	2.817	5.984	4	4.97	4.681	4.57	0.1851	0.09413	2.817	5.984	4	4.97	4.681	4.57	0.1851	0.09413	2.817	5.984	4	4.97	4.681	4.57	0.1851	0.09413	2.817	5.984	4	4.97	4.681	4.57	0.1851	0.09413	2.817	5.984	4	4.97	4.681	4.57	0.1851	0.09413	2.817	5.984	4	4.97	4.681	4.57	0.1851	0.09413	2.817	5.984	4	4.97	4.681	4.57	0.1851	0.09413	2.817	5.984	4	4.97	4.681	4.57	0.1851	0.09413	2.817	5.984
LAIEFT	0.183	0.2221	0.2029	0.2179	0.00095	0.1414	0.1156	0.3419	0.183	0.2221	0.2029	0.2179	0.00095	0.1414	0.1156	0.3419	0.183	0.2221	0.2029	0.2179	0.00095	0.1414	0.1156	0.3419	0.183	0.2221	0.2029	0.2179	0.00095	0.1414	0.1156	0.3419	0.183	0.2221	0.2029	0.2179	0.00095	0.1414	0.1156	0.3419	0.183	0.2221	0.2029	0.2179	0.00095	0.1414	0.1156	0.3419	0.183	0.2221	0.2029	0.2179	0.00095	0.1414	0.1156	0.3419	0.183	0.2221	0.2029	0.2179	0.00095	0.1414	0.1156	0.3419	0.183	0.2221	0.2029	0.2179	0.00095	0.1414	0.1156	0.3419
LAITIL	0.867	0.823	0.6591	0.7934	0.005304	0.09179	0.5565	0.9945	0.867	0.823	0.6591	0.7934	0.005304	0.09179	0.5565	0.9945	0.867	0.823	0.6591	0.7934	0.005304	0.09179	0.5565	0.9945	0.867	0.823	0.6591	0.7934	0.005304	0.09179	0.5565	0.9945	0.867	0.823	0.6591	0.7934	0.005304	0.09179	0.5565	0.9945	0.867	0.823	0.6591	0.7934	0.005304	0.09179	0.5565	0.9945	0.867	0.823	0.6591	0.7934	0.005304	0.09179	0.5565	0.9945	0.867	0.823	0.6591	0.7934	0.005304	0.09179	0.5565	0.9945	0.867	0.823	0.6591	0.7934	0.005304	0.09179	0.5565	0.9945
LFWIDG	0.003	0.004633	0.005867	0.003528	2.27e-06	0.4271	0.0001281	0.009426	0.003	0.004633	0.005867	0.003528	2.27e-06	0.4271	0.0001281	0.009426	0.003	0.004633	0.005867	0.003528	2.27e-06	0.4271	0.0001281	0.009426	0.003	0.004633	0.005867	0.003528	2.27e-06	0.4271	0.0001281	0.009426	0.003	0.004633	0.005867	0.003528	2.27e-06	0.4271	0.0001281	0.009426	0.003	0.004633	0.005867	0.003528	2.27e-06	0.4271	0.0001281	0.009426	0.003	0.004633	0.005867	0.003528	2.27e-06	0.4271	0.0001281	0.009426	0.003	0.004633	0.005867	0.003528	2.27e-06	0.4271	0.0001281	0.009426	0.003	0.004633	0.005867	0.003528	2.27e-06	0.4271	0.0001281	0.009426
LFWIDV	0.003	0.002671	0.002631	0.002715	8.751e-08	0.1089	0.002039	0.003978	0.003	0.002671	0.002631	0.002715	8.751e-08	0.1089	0.002039	0.003978	0.003	0.002671	0.002631	0.002715	8.751e-08	0.1089	0.002039	0.003978	0.003	0.002671	0.002631	0.002715	8.751e-08	0.1089	0.002039	0.003978	0.003	0.002671	0.002631	0.002715	8.751e-08	0.1089	0.002039	0.003978	0.003	0.002671	0.002631	0.002715	8.751e-08	0.1089	0.002039	0.003978	0.003	0.002671	0.002631	0.002715	8.751e-08	0.1089	0.002039	0.003978	0.003	0.002671	0.002631	0.002715	8.751e-08	0.1089	0.002039	0.003978	0.003	0.002671	0.002631	0.002715	8.751e-08	0.1089	0.002039	0.003978
NELLVM	1.3	1.3	1.3	1.3	0	0	1.3	1.3	1.3	1.3	1.3	1.3	0	0	1.3	1.3	1.3	1.3	1.3	1.3	0	0	1.3	1.3	1.3	1.3	1.3	1.3	0	0	1.3	1.3	1.3	1.3	1.3	1.3	0	0	1.3	1.3	1.3	1.3	1.3	1.3	0	0	1.3	1.3	1.3	1.3	1.3	1.3	0	0	1.3	1.3	1.3	1.3	1.3	1.3	0	0	1.3	1.3	1.3	1.3	1.3	1.3	0	0	1.3	1.3
PHENCR	0.6	0.747	0.7302	0.5945	0.01881	0.2307	0.2256	0.9664	0.6	0.747	0.7302	0.5945	0.01881	0.2307	0.2256	0.9664	0.6	0.747	0.7302	0.5945	0.01881	0.2307	0.2256	0.9664	0.6	0.747	0.7302	0.5945	0.01881	0.2307	0.2256	0.9664	0.6	0.747	0.7302	0.5945	0.01881	0.2307	0.2256	0.9664	0.6	0.747	0.7302	0.5945	0.01881	0.2307	0.2256	0.9664	0.6	0.747	0.7302	0.5945	0.01881	0.2307	0.2256	0.9664	0.6	0.747	0.7302	0.5945	0.01881	0.2307	0.2256	0.9664	0.6	0.747	0.7302	0.5945	0.01881	0.2307	0.2256	0.9664
PHY	100	111.3	101.7	108.9	99.43	0.09155	65.54	129.3	100	111.3	101.7	108.9	99.43	0.09155	65.54	129.3	100	111.3	101.7	108.9	99.43	0.09155	65.54	129.3	100	111.3	101.7	108.9	99.43	0.09155	65.54	129.3	100	111.3	101.7	108.9	99.43	0.09155	65.54	129.3	100	111.3	101.7	108.9	99.43	0.09155	65.54	129.3	100	111.3	101.7	108.9	99.43	0.09155	65.54	129.3	100	111.3	101.7	108.9	99.43	0.09155	65.54	129.3	100	111.3	101.7	108.9	99.43	0.09155	65.54	129.3
RDRSCO	0.03	0.03837	0.04984	0.04433	0.0004791	0.4937	0.01029	0.1238	0.03	0.03837	0.04984	0.04433	0.0004791	0.4937	0.01029	0.1238	0.03	0.03837	0.04984	0.04433	0.0004791	0.4937	0.01029	0.1238	0.03	0.03837	0.04984	0.04433	0.0004791	0.4937	0.01029	0.1238	0.03	0.03837	0.04984	0.04433	0.0004791	0.4937	0.01029	0.1238	0.03	0.03837	0.04984	0.04433	0.0004791	0.4937	0.01029	0.1238	0.03	0.03837	0.04984	0.04433	0.0004791	0.4937	0.01029	0.1238	0.03	0.03837	0.04984	0.04433	0.0004791	0.4937	0.01029	0.1238	0.03	0.03837	0.04984	0.04433	0.0004791	0.4937	0.01029	0.1238
RDRSMX	0.04	0.06855	0.04414	0.05547	0.0002597	0.2905	0.03003	0.1306	0.04	0.06855	0.04414	0.05547	0.0002597	0.2905	0.03003	0.1306	0.04	0.06855	0.04414	0.05547	0.0002597	0.2905	0.03003	0.1306	0.04	0.06855	0.04414	0.05547	0.0002597	0.2905	0.03003	0.1306	0.04	0.06855	0.04414	0.05547	0.0002597	0.2905	0.03003	0.1306	0.04	0.06855	0.04414	0.05547	0.0002597	0.2905	0.03003	0.1306	0.04	0.06855	0.04414	0.05547	0.0002597	0.2905	0.03003	0.1306	0.04	0.06855	0.04414	0.05547	0.0002597	0.2905	0.03003	0.1306	0.04	0.06855	0.04414	0.05547	0.0002597	0.2905	0.03003	0.1306
RDRTEM	0.0015	0.001366	0.001685	0.001467	3.261e-08	0.1231	0.0008742	0.001935	0.0015	0.001366	0.001685	0.001467	3.261e-08	0.1231	0.0008742	0.001935	0.0015	0.001366	0.001685	0.001467	3.261e-08	0.1231	0.0008742	0.001935	0.0015	0.001366	0.001685	0.001467	3.261e-08	0.1231	0.0008742	0.001935	0.0015	0.001366	0.001685	0.001467	3.261e-08	0.1231	0.0008742	0.001935	0.0015	0.001366	0.001685	0.001467	3.261e-08	0.1231	0.0008742	0.001935	0.0015	0.001366	0.001685	0.001467	3.261e-08	0.1231	0.0008742	0.001935	0.0015	0.001366	0.001685	0.001467	3.261e-08	0.1231	0.0008742	0.001935	0.0015	0.001366	0.001685	0.001467	3.261e-08	0.1231	0.0008742	0.001935
RGENMX	0.01	0.01035	0.01207	0.01175	3.568e-06	0.1607	0.006104	0.01837	0.01	0.01035	0.01207	0.01175	3.568e-06	0.1607	0.006104	0.01837	0.01	0.01035	0.01207	0.01175	3.568e-06	0.1607	0.006104	0.01837	0.01	0.01035	0.01207	0.01175	3.568e-06	0.1607	0.006104	0.01837	0.01	0.01035	0.01207	0.01175	3.568e-06	0.1607	0.006104	0.01837	0.01	0.01035	0.01207	0.01175	3.568e-06	0.1607	0.006104	0.01837	0.01	0.01035	0.01207	0.01175	3.568e-06	0.1607	0.006104	0.01837	0.01	0.01035	0.01207	0.01175	3.568e-06	0.1607	0.006104	0.01837	0.01	0.01035	0.01207	0.01175	3.568e-06	0.1607	0.006104	0.01837
ROOTDM	0.2	0.2919	0.3932	0.3042	0.003479	0.1939	0.1181	0.5126	0.2	0.2919	0.3932	0.3042	0.003479	0.1939	0.1181	0.5126	0.2	0.2919	0.3932	0.3042	0.003479	0.1939	0.1181	0.5126	0.2	0.2399	0.2222	0.2349	0.001834	0.1823	0.106	0.4441	0.2	0.2399	0.2222	0.2349	0.001834	0.1823	0.106	0.4441	0.2	0.2399	0.2222	0.2349	0.001834	0.1823	0.106	0.4441	0.2	0.2734	0.2873	0.2885	0.002974	0.189	0.1262	0.4934	0.2	0.2734	0.2873	0.2885	0.002974	0.189	0.1262	0.4934	0.2	0.2734	0.2873	0.2885	0.002974	0.189	0.1262	0.4934
RRDMAX	0.0101	0.0101	0.0101	0.0101	0	0	0.0101	0.0101	0.0101	0.0101	0.0101	0.0101	0	0	0.0101	0.0101	0.0101	0.0101	0.0101	0.0101	0	0	0.0101	0.0101	0.0101	0.0101	0.0101	0.0101	0	0	0.0101	0.0101	0.0101	0.0101	0.0101	0.0101	0	0	0.0101	0.0101	0.0101	0.0101	0.0101	0.0101	0	0	0.0101	0.0101	0.0101	0.0101	0.0101	0.0101	0	0	0.0101	0.0101	0.0101	0.0101	0.0101	0.0101	0	0	0.0101	0.0101	0.0101	0.0101	0.0101	0.0101	0	0	0.0101	0.0101
RUBISC	2.7	4.679	5.788	5.333	0.8692	0.1748	2.19	8.322	2.7	4.679	5.788	5.333	0.8692	0.1748	2.19	8.322	2.7	4.679	5.788	5.333	0.8692	0.1748	2.19	8.322	2.7	4.679	5.788	5.333	0.8692	0.1748	2.19	8.322	2.7	4.679	5.788	5.333	0.8692	0.1748	2.19	8.322	2.7	4.679	5.788	5.333	0.8692	0.1748	2.19	8.322	2.7	4.679	5.788	5.333	0.8692	0.1748	2.19	8.322	2.7	4.679	5.788	5.333	0.8692	0.1748	2.19	8.322	2.7	4.679	5.788	5.333	0.8692	0.1748	2.19	8.322
LSHAPE	0.6	0.6	0.6	0.6	0	0	0.6	0.6	0.6	0.6	0.6	0.6	0	0	0.6	0.6	0.6	0.6	0.6	0.6	0	0	0.6	0.6	0.6	0.6	0.6	0.6	0	0	0.6	0.6	0.6	0.6	0.6	0.6	0	0	0.6	0.6	0.6	0.6	0.6	0.6	0	0	0.6	0.6	0.6	0.6	0.6	0.6	0	0	0.6	0.6	0.6	0.6	0.6	0.6	0	0	0.6	0.6	0.6	0.6	0.6	0.6	0	0	0.6	0.6
SIMAX1T	0.004	0.003149	0.002717	0.003734	3.528e-07	0.159	0.002206	0.005514	0.004	0.003149	0.002717	0.003734	3.528e-07	0.159	0.002206	0.005514	0.004	0.003149	0.002717	0.003734	3.528e-07	0.159	0.002206	0.005514	0.004	0.003149	0.002717	0.003734	3.528e-07	0.159	0.002206	0.005514	0.004	0.003149	0.002717	0.003734	3.528e-07	0.159	0.002206	0.005514	0.004	0.003149	0.002717	0.003734	3.528e-07	0.159	0.002206	0.005514	0.004	0.003149	0.002717	0.003734	3.528e-07	0.159	0.002206	0.005514	0.004	0.003149	0.002717	0.003734	3.528e-07	0.159	0.002206	0.005514	0.004	0.003149	0.002717	0.003734	3.528e-07	0.159	0.002206	0.005514
SLAMAX	0.03	0.03198	0.02995	0.03294	5.532e-06	0.0714	0.02152	0.03971	0.03	0.03198	0.02995	0.03294	5.532e-06	0.0714	0.02152	0.03971	0.03	0.03198	0.02995	0.03294	5.532e-06	0.0714	0.02152	0.03971	0.03	0.03198	0.02995	0.03294	5.532e-06	0.0714	0.02152	0.03971	0.03	0.03198	0.02995	0.03294	5.532e-06	0.0714	0.02152	0.03971	0.03	0.03198	0.02995	0.03294	5.532e-06	0.0714	0.02152	0.03971	0.03	0.03198	0.02995	0.03294	5.532e-06	0.0714	0.02152	0.03971	0.03	0.03198	0.02995	0.03294	5.532e-06	0.0714	0.02152	0.03971	0.03	0.03198	0.02995	0.03294	5.532e-06	0.0714	0.02152	0.03971
TBASE	4.5	5.052	3.936	4.614	0.2534	0.1091	2.428	5.914	4.5	5.052	3.936	4.614	0.2534	0.1091	2.428	5.914	4.5	5.052	3.936	4.614	0.2534	0.1091	2.428	5.914	4.5	5.052	3.936	4.614	0.2534	0.1091	2.428	5.914	4.5	5.052	3.936	4.614	0.2534	0.1091	2.428	5.914	4.5	5.052	3.936	4.614	0.2534	0.1091	2.428	5.914	4.5	5.052	3.936	4.614	0.2534	0.1091	2.428	5.914	4.5	5.052	3.936	4.614	0.2534	0.1091	2.428	5.914	4.5	5.052	3.936	4.614	0.2534	0.1091	2.428	5.914
TCRES	2	1.815	1.764	2.037	0.07372	0.1333	1.502	3.152	2	1.815	1.764	2.037	0.07372	0.1333	1.502	3.152	2	1.815	1.764	2.037	0.07372	0.1333	1.502	3.152	2	1.815	1.764	2.037	0.07372	0.1333	1.502	3.152	2	1.815	1.764	2.037	0.07372	0.1333	1.502	3.152	2	1.815	1.764	2.037	0.07372	0.1333	1.502	3.152	2	1.815	1.764	2.037	0.07372	0.1333	1.502	3.152	2	1.815	1.764	2.037	0.07372	0.1333	1.502	3.152	2	1.815	1.764	2.037	0.07372	0.1333	1.502	3.152
TOPTGE	22	23.8	22.24	22.98	4.595	0.09329	16.97	29.62	22	23.8	22.24	22.98	4.595	0.09329	16.97	29.62	22	23.8	22.24	22.98	4.595	0.09329	16.97	29.62	22	23.8	22.24	22.98	4.595	0.09329	16.97	29.62	22	23.8	22.24	22.98	4.595	0.09329	16.97	29.62	22	23.8	22.24	22.98	4.595	0.09329	16.97	29.62	22	23.8	22.24	22.98	4.595	0.09329	16.97	29.62	22	23.8	22.24	22.98	4.595	0.09329	16.97	29.62	22	23.8	22.24	22.98	4.595	0.09329	16.97	29.62
TRANCO	8	8.404	10.82	8.431	3.222	0.2129	4.159	15.29	8	8.404	10.82	8.431	3.222	0.2129	4.159	15.29	8	8.404	10.82	8.431	3.222	0.2129	4.159	15.29	8	8.404	10.82	8.431	3.222	0.2129	4.159	15.29	8	8.404	10.82	8.431	3.222	0.2129	4.159	15.29	8	8.404	10.82	8.431	3.222	0.2129	4.159	15.29	8	8.404	10.82	8.431	3.222	0.2129	4.159	15.29	8	8.404	10.82	8.431	3.222	0.2129	4.159	15.29	8	8.404	10.82	8.431	3.222	0.2129	4.159	15.29
YG	0.64	0.694	0.7215	0.687	0.002776	0.07669	0.5171	0.8631	0.64	0.694	0.7215	0.687	0.002776	0.07669	0.5171	0.8631	0.64	0.694	0.7215	0.687	0.002776	0.07669	0.5171	0.8631	0.64	0.694	0.7215	0.687	0.002776	0.07669	0.5171	0.8631	0.64	0.694	0.7215	0.687	0.002776	0.07669	0.5171	0.8631	0.64	0.694	0.7215	0.687	0.002776	0.07669	0.5171	0.8631	0.64	0.694	0.7215	0.687	0.002776	0.07669	0.5171	0.8631	0.64	0.694	0.7215	0.687	0.002776	0.07669	0.5171	0.8631	0.64	0.694	0.7215	0.687	0.002776	0.07669	0.5171	0.8631
LAT	-35.61	-35.61	-35.61	-35.61	0	0	-35.61	-35.61	-35.61	-35.61	-35.61	-35.61	0	0	-35.61	-35.61	-35.61	-35.61	-35.61	-35.61	0	0	-35.61	-35.61	-37.77	-37.77	-37.77	-37.77	0	0	-37.77	-37.77	-37.77	-37.77	-37.77	-37.77	0	0	-37.77	-37.77	-37.77	-37.77	-37.77	-37.77	0	0	-37.77	-37.77	-43.64	-43.64	-43.64	-43.64	0	0	-43.64	-43.64	-43.64	-43.64	-43.64	-43.64	0	0	-43.64	-43.64	-43.64	-43.64	-43.64	-43.64	0	0	-43.64	-43.64
WCI	0.3	0.3	0.3	0.3	0	0	0.3	0.3	0.3	0.3	0.3	0.3	0	0	0.3	0.3	0.3	0.3	0.3	0.3	0	0	0.3	0.3	0.3	0.3	0.3	0.3	0	0	0.3	0.3	0.3	0.3	0.3	0.3	0	0	0.3	0.3	0.3	0.3	0.3	0.3	0	0	0.3	0.3	0.3	0.3	0.3	0.3	0	0	0.3	0.3	0.3	0.3	0.3	0.3	0	0	0.3	0.3	0.3	0.3	0.3	0.3	0	0	0.3	0.3
FWCAD	0.05	0.05	0.05	0.05	0	0	0.05	0.05	0.05	0.05	0.05	0.05	0	0	0.05	0.05	0.05	0.05	0.05	0.05	0	0	0.05	0.05	0.05	0.05	0.05	0.05	0	0	0.05	0.05	0.05	0.05	0.05	0.05	0	0	0.05	0.05	0.05	0.05	0.05	0.05	0	0	0.05	0.05	0.05	0.05	0.05	0.05	0	0	0.05	0.05	0.05	0.05	0.05	0.05	0	0	0.05	0.05	0.05	0.05	0.05	0.05	0	0	0.05	0.05
FWCWP	0.4	0.3777	0.4501	0.4094	0.001033	0.07849	0.3024	0.5101	0.4	0.3777	0.4501	0.4094	0.001033	0.07849	0.3024	0.5101	0.4	0.3777	0.4501	0.4094	0.001033	0.07849	0.3024	0.5101	0.4	0.2924	0.2489	0.3053	0.0007989	0.09257	0.2156	0.4476	0.4	0.2924	0.2489	0.3053	0.0007989	0.09257	0.2156	0.4476	0.4	0.2924	0.2489	0.3053	0.0007989	0.09257	0.2156	0.4476	0.4	0.3101	0.2919	0.3182	0.001004	0.09957	0.2187	0.5208	0.4	0.3101	0.2919	0.3182	0.001004	0.09957	0.2187	0.5208	0.4	0.3101	0.2919	0.3182	0.001004	0.09957	0.2187	0.5208
FWCFC	0.65	0.6328	0.6332	0.6402	0.0006241	0.03902	0.5582	0.7349	0.65	0.6328	0.6332	0.6402	0.0006241	0.03902	0.5582	0.7349	0.65	0.6328	0.6332	0.6402	0.0006241	0.03902	0.5582	0.7349	0.65	0.6222	0.6234	0.6233	0.0005797	0.03862	0.5547	0.718	0.65	0.6222	0.6234	0.6233	0.0005797	0.03862	0.5547	0.718	0.65	0.6222	0.6234	0.6233	0.0005797	0.03862	0.5547	0.718	0.65	0.6333	0.6275	0.6306	0.0003873	0.03121	0.56	0.7164	0.65	0.6333	0.6275	0.6306	0.0003873	0.03121	0.56	0.7164	0.65	0.6333	0.6275	0.6306	0.0003873	0.03121	0.56	0.7164
FWCWET	0.95	0.95	0.95	0.95	0	0	0.95	0.95	0.95	0.95	0.95	0.95	0	0	0.95	0.95	0.95	0.95	0.95	0.95	0	0	0.95	0.95	0.95	0.95	0.95	0.95	0	0	0.95	0.95	0.95	0.95	0.95	0.95	0	0	0.95	0.95	0.95	0.95	0.95	0.95	0	0	0.95	0.95	0.95	0.95	0.95	0.95	0	0	0.95	0.95	0.95	0.95	0.95	0.95	0	0	0.95	0.95	0.95	0.95	0.95	0.95	0	0	0.95	0.95
WCST	0.55	0.55	0.55	0.55	0	0	0.55	0.55	0.55	0.55	0.55	0.55	0	0	0.55	0.55	0.55	0.55	0.55	0.55	0	0	0.55	0.55	0.8	0.8	0.8	0.8	0	0	0.8	0.8	0.8	0.8	0.8	0.8	0	0	0.8	0.8	0.8	0.8	0.8	0.8	0	0	0.8	0.8	0.55	0.55	0.55	0.55	0	0	0.55	0.55	0.55	0.55	0.55	0.55	0	0	0.55	0.55	0.55	0.55	0.55	0.55	0	0	0.55	0.55
WpoolMax	50	50	50	50	0	0	50	50	50	50	50	50	0	0	50	50	50	50	50	50	0	0	50	50	50	50	50	50	0	0	50	50	50	50	50	50	0	0	50	50	50	50	50	50	0	0	50	50	50	50	50	50	0	0	50	50	50	50	50	50	0	0	50	50	50	50	50	50	0	0	50	50
Dparam	0.00318	0.00318	0.00318	0.00318	0	0	0.00318	0.00318	0.00318	0.00318	0.00318	0.00318	0	0	0.00318	0.00318	0.00318	0.00318	0.00318	0.00318	0	0	0.00318	0.00318	0.00318	0.00318	0.00318	0.00318	0	0	0.00318	0.00318	0.00318	0.00318	0.00318	0.00318	0	0	0.00318	0.00318	0.00318	0.00318	0.00318	0.00318	0	0	0.00318	0.00318	0.00318	0.00318	0.00318	0.00318	0	0	0.00318	0.00318	0.00318	0.00318	0.00318	0.00318	0	0	0.00318	0.00318	0.00318	0.00318	0.00318	0.00318	0	0	0.00318	0.00318
FGAS	0.4	0.4	0.4	0.4	0	0	0.4	0.4	0.4	0.4	0.4	0.4	0	0	0.4	0.4	0.4	0.4	0.4	0.4	0	0	0.4	0.4	0.4	0.4	0.4	0.4	0	0	0.4	0.4	0.4	0.4	0.4	0.4	0	0	0.4	0.4	0.4	0.4	0.4	0.4	0	0	0.4	0.4	0.4	0.4	0.4	0.4	0	0	0.4	0.4	0.4	0.4	0.4	0.4	0	0	0.4	0.4	0.4	0.4	0.4	0.4	0	0	0.4	0.4
FO2MX	0.21	0.21	0.21	0.21	0	0	0.21	0.21	0.21	0.21	0.21	0.21	0	0	0.21	0.21	0.21	0.21	0.21	0.21	0	0	0.21	0.21	0.21	0.21	0.21	0.21	0	0	0.21	0.21	0.21	0.21	0.21	0.21	0	0	0.21	0.21	0.21	0.21	0.21	0.21	0	0	0.21	0.21	0.21	0.21	0.21	0.21	0	0	0.21	0.21	0.21	0.21	0.21	0.21	0	0	0.21	0.21	0.21	0.21	0.21	0.21	0	0	0.21	0.21
KTSNOW	65	65	65	65	0	0	65	65	65	65	65	65	0	0	65	65	65	65	65	65	0	0	65	65	65	65	65	65	0	0	65	65	65	65	65	65	0	0	65	65	65	65	65	65	0	0	65	65	65	65	65	65	0	0	65	65	65	65	65	65	0	0	65	65	65	65	65	65	0	0	65	65
Hparam	0.005592	0.005592	0.005592	0.005592	0	0	0.005592	0.005592	0.005592	0.005592	0.005592	0.005592	0	0	0.005592	0.005592	0.005592	0.005592	0.005592	0.005592	0	0	0.005592	0.005592	0.005592	0.005592	0.005592	0.005592	0	0	0.005592	0.005592	0.005592	0.005592	0.005592	0.005592	0	0	0.005592	0.005592	0.005592	0.005592	0.005592	0.005592	0	0	0.005592	0.005592	0.005592	0.005592	0.005592	0.005592	0	0	0.005592	0.005592	0.005592	0.005592	0.005592	0.005592	0	0	0.005592	0.005592	0.005592	0.005592	0.005592	0.005592	0	0	0.005592	0.005592
KRDRANAER	0.2	0.2	0.2	0.2	0	0	0.2	0.2	0.2	0.2	0.2	0.2	0	0	0.2	0.2	0.2	0.2	0.2	0.2	0	0	0.2	0.2	0.2	0.2	0.2	0.2	0	0	0.2	0.2	0.2	0.2	0.2	0.2	0	0	0.2	0.2	0.2	0.2	0.2	0.2	0	0	0.2	0.2	0.2	0.2	0.2	0.2	0	0	0.2	0.2	0.2	0.2	0.2	0.2	0	0	0.2	0.2	0.2	0.2	0.2	0.2	0	0	0.2	0.2
KRESPHARD	0.01	0.01594	0.01716	0.01415	6.092e-05	0.5516	0.001322	0.04628	0.01	0.01594	0.01716	0.01415	6.092e-05	0.5516	0.001322	0.04628	0.01	0.01594	0.01716	0.01415	6.092e-05	0.5516	0.001322	0.04628	0.01	0.01594	0.01716	0.01415	6.092e-05	0.5516	0.001322	0.04628	0.01	0.01594	0.01716	0.01415	6.092e-05	0.5516	0.001322	0.04628	0.01	0.01594	0.01716	0.01415	6.092e-05	0.5516	0.001322	0.04628	0.01	0.01594	0.01716	0.01415	6.092e-05	0.5516	0.001322	0.04628	0.01	0.01594	0.01716	0.01415	6.092e-05	0.5516	0.001322	0.04628	0.01	0.01594	0.01716	0.01415	6.092e-05	0.5516	0.001322	0.04628
KRSR3H	1	1	1	1	0	0	1	1	1	1	1	1	0	0	1	1	1	1	1	1	0	0	1	1	1	1	1	1	0	0	1	1	1	1	1	1	0	0	1	1	1	1	1	1	0	0	1	1	1	1	1	1	0	0	1	1	1	1	1	1	0	0	1	1	1	1	1	1	0	0	1	1
KRTOTAER	2	2	2	2	0	0	2	2	2	2	2	2	0	0	2	2	2	2	2	2	0	0	2	2	2	2	2	2	0	0	2	2	2	2	2	2	0	0	2	2	2	2	2	2	0	0	2	2	2	2	2	2	0	0	2	2	2	2	2	2	0	0	2	2	2	2	2	2	0	0	2	2
KSNOW	0.035	0.035	0.035	0.035	0	0	0.035	0.035	0.035	0.035	0.035	0.035	0	0	0.035	0.035	0.035	0.035	0.035	0.035	0	0	0.035	0.035	0.035	0.035	0.035	0.035	0	0	0.035	0.035	0.035	0.035	0.035	0.035	0	0	0.035	0.035	0.035	0.035	0.035	0.035	0	0	0.035	0.035	0.035	0.035	0.035	0.035	0	0	0.035	0.035	0.035	0.035	0.035	0.035	0	0	0.035	0.035	0.035	0.035	0.035	0.035	0	0	0.035	0.035
LAMBDAsoil	172800	172800	172800	172800	0	0	172800	172800	172800	172800	172800	172800	0	0	172800	172800	172800	172800	172800	172800	0	0	172800	172800	172800	172800	172800	172800	0	0	172800	172800	172800	172800	172800	172800	0	0	172800	172800	172800	172800	172800	172800	0	0	172800	172800	172800	172800	172800	172800	0	0	172800	172800	172800	172800	172800	172800	0	0	172800	172800	172800	172800	172800	172800	0	0	172800	172800
LDT50A	1.34	1.34	1.34	1.34	0	0	1.34	1.34	1.34	1.34	1.34	1.34	0	0	1.34	1.34	1.34	1.34	1.34	1.34	0	0	1.34	1.34	1.34	1.34	1.34	1.34	0	0	1.34	1.34	1.34	1.34	1.34	1.34	0	0	1.34	1.34	1.34	1.34	1.34	1.34	0	0	1.34	1.34	1.34	1.34	1.34	1.34	0	0	1.34	1.34	1.34	1.34	1.34	1.34	0	0	1.34	1.34	1.34	1.34	1.34	1.34	0	0	1.34	1.34
LDT50B	-2.113	-2.113	-2.113	-2.113	0	0	-2.113	-2.113	-2.113	-2.113	-2.113	-2.113	0	0	-2.113	-2.113	-2.113	-2.113	-2.113	-2.113	0	0	-2.113	-2.113	-2.113	-2.113	-2.113	-2.113	0	0	-2.113	-2.113	-2.113	-2.113	-2.113	-2.113	0	0	-2.113	-2.113	-2.113	-2.113	-2.113	-2.113	0	0	-2.113	-2.113	-2.113	-2.113	-2.113	-2.113	0	0	-2.113	-2.113	-2.113	-2.113	-2.113	-2.113	0	0	-2.113	-2.113	-2.113	-2.113	-2.113	-2.113	0	0	-2.113	-2.113
LT50MN	-26.68	-26.68	-26.68	-26.68	0	0	-26.68	-26.68	-26.68	-26.68	-26.68	-26.68	0	0	-26.68	-26.68	-26.68	-26.68	-26.68	-26.68	0	0	-26.68	-26.68	-26.68	-26.68	-26.68	-26.68	0	0	-26.68	-26.68	-26.68	-26.68	-26.68	-26.68	0	0	-26.68	-26.68	-26.68	-26.68	-26.68	-26.68	0	0	-26.68	-26.68	-26.68	-26.68	-26.68	-26.68	0	0	-26.68	-26.68	-26.68	-26.68	-26.68	-26.68	0	0	-26.68	-26.68	-26.68	-26.68	-26.68	-26.68	0	0	-26.68	-26.68
LT50MX	-4.789	-4.789	-4.789	-4.789	0	0	-4.789	-4.789	-4.789	-4.789	-4.789	-4.789	0	0	-4.789	-4.789	-4.789	-4.789	-4.789	-4.789	0	0	-4.789	-4.789	-4.789	-4.789	-4.789	-4.789	0	0	-4.789	-4.789	-4.789	-4.789	-4.789	-4.789	0	0	-4.789	-4.789	-4.789	-4.789	-4.789	-4.789	0	0	-4.789	-4.789	-4.789	-4.789	-4.789	-4.789	0	0	-4.789	-4.789	-4.789	-4.789	-4.789	-4.789	0	0	-4.789	-4.789	-4.789	-4.789	-4.789	-4.789	0	0	-4.789	-4.789
RATEDMX	2	2	2	2	0	0	2	2	2	2	2	2	0	0	2	2	2	2	2	2	0	0	2	2	2	2	2	2	0	0	2	2	2	2	2	2	0	0	2	2	2	2	2	2	0	0	2	2	2	2	2	2	0	0	2	2	2	2	2	2	0	0	2	2	2	2	2	2	0	0	2	2
reHardRedDay	145	145	145	145	0	0	145	145	145	145	145	145	0	0	145	145	145	145	145	145	0	0	145	145	145	145	145	145	0	0	145	145	145	145	145	145	0	0	145	145	145	145	145	145	0	0	145	145	145	145	145	145	0	0	145	145	145	145	145	145	0	0	145	145	145	145	145	145	0	0	145	145
RHOnewSnow	100	100	100	100	0	0	100	100	100	100	100	100	0	0	100	100	100	100	100	100	0	0	100	100	100	100	100	100	0	0	100	100	100	100	100	100	0	0	100	100	100	100	100	100	0	0	100	100	100	100	100	100	0	0	100	100	100	100	100	100	0	0	100	100	100	100	100	100	0	0	100	100
RHOpack	0.02	0.02	0.02	0.02	0	0	0.02	0.02	0.02	0.02	0.02	0.02	0	0	0.02	0.02	0.02	0.02	0.02	0.02	0	0	0.02	0.02	0.02	0.02	0.02	0.02	0	0	0.02	0.02	0.02	0.02	0.02	0.02	0	0	0.02	0.02	0.02	0.02	0.02	0.02	0	0	0.02	0.02	0.02	0.02	0.02	0.02	0	0	0.02	0.02	0.02	0.02	0.02	0.02	0	0	0.02	0.02	0.02	0.02	0.02	0.02	0	0	0.02	0.02
SWret	0.1	0.1	0.1	0.1	0	0	0.1	0.1	0.1	0.1	0.1	0.1	0	0	0.1	0.1	0.1	0.1	0.1	0.1	0	0	0.1	0.1	0.1	0.1	0.1	0.1	0	0	0.1	0.1	0.1	0.1	0.1	0.1	0	0	0.1	0.1	0.1	0.1	0.1	0.1	0	0	0.1	0.1	0.1	0.1	0.1	0.1	0	0	0.1	0.1	0.1	0.1	0.1	0.1	0	0	0.1	0.1	0.1	0.1	0.1	0.1	0	0	0.1	0.1
SWrf	0.01	0.01	0.01	0.01	0	0	0.01	0.01	0.01	0.01	0.01	0.01	0	0	0.01	0.01	0.01	0.01	0.01	0.01	0	0	0.01	0.01	0.01	0.01	0.01	0.01	0	0	0.01	0.01	0.01	0.01	0.01	0.01	0	0	0.01	0.01	0.01	0.01	0.01	0.01	0	0	0.01	0.01	0.01	0.01	0.01	0.01	0	0	0.01	0.01	0.01	0.01	0.01	0.01	0	0	0.01	0.01	0.01	0.01	0.01	0.01	0	0	0.01	0.01
THARDMX	14.71	14.71	14.71	14.71	0	0	14.71	14.71	14.71	14.71	14.71	14.71	0	0	14.71	14.71	14.71	14.71	14.71	14.71	0	0	14.71	14.71	14.71	14.71	14.71	14.71	0	0	14.71	14.71	14.71	14.71	14.71	14.71	0	0	14.71	14.71	14.71	14.71	14.71	14.71	0	0	14.71	14.71	14.71	14.71	14.71	14.71	0	0	14.71	14.71	14.71	14.71	14.71	14.71	0	0	14.71	14.71	14.71	14.71	14.71	14.71	0	0	14.71	14.71
TmeltFreeze	0	0	0	0	0	0	0	0	0	0	0	0	0	0	0	0	0	0	0	0	0	0	0	0	0	0	0	0	0	0	0	0	0	0	0	0	0	0	0	0	0	0	0	0	0	0	0	0	0	0	0	0	0	0	0	0	0	0	0	0	0	0	0	0	0	0	0	0	0	0	0	0
TrainSnow	0.01	0.01	0.01	0.01	0	0	0.01	0.01	0.01	0.01	0.01	0.01	0	0	0.01	0.01	0.01	0.01	0.01	0.01	0	0	0.01	0.01	0.01	0.01	0.01	0.01	0	0	0.01	0.01	0.01	0.01	0.01	0.01	0	0	0.01	0.01	0.01	0.01	0.01	0.01	0	0	0.01	0.01	0.01	0.01	0.01	0.01	0	0	0.01	0.01	0.01	0.01	0.01	0.01	0	0	0.01	0.01	0.01	0.01	0.01	0.01	0	0	0.01	0.01
TsurfDiff	0.6228	0.6228	0.6228	0.6228	0	0	0.6228	0.6228	0.6228	0.6228	0.6228	0.6228	0	0	0.6228	0.6228	0.6228	0.6228	0.6228	0.6228	0	0	0.6228	0.6228	0.6228	0.6228	0.6228	0.6228	0	0	0.6228	0.6228	0.6228	0.6228	0.6228	0.6228	0	0	0.6228	0.6228	0.6228	0.6228	0.6228	0.6228	0	0	0.6228	0.6228	0.6228	0.6228	0.6228	0.6228	0	0	0.6228	0.6228	0.6228	0.6228	0.6228	0.6228	0	0	0.6228	0.6228	0.6228	0.6228	0.6228	0.6228	0	0	0.6228	0.6228
KLUETILG	0.5	0.5311	0.6493	0.5194	0.02654	0.3137	0.04096	0.945	0.5	0.5311	0.6493	0.5194	0.02654	0.3137	0.04096	0.945	0.5	0.5311	0.6493	0.5194	0.02654	0.3137	0.04096	0.945	0.5	0.5311	0.6493	0.5194	0.02654	0.3137	0.04096	0.945	0.5	0.5311	0.6493	0.5194	0.02654	0.3137	0.04096	0.945	0.5	0.5311	0.6493	0.5194	0.02654	0.3137	0.04096	0.945	0.5	0.5311	0.6493	0.5194	0.02654	0.3137	0.04096	0.945	0.5	0.5311	0.6493	0.5194	0.02654	0.3137	0.04096	0.945	0.5	0.5311	0.6493	0.5194	0.02654	0.3137	0.04096	0.945
FRTILGG1I	0	0	0	0	0	0	0	0	0	0	0	0	0	0	0	0	0	0	0	0	0	0	0	0	0	0	0	0	0	0	0	0	0	0	0	0	0	0	0	0	0	0	0	0	0	0	0	0	0	0	0	0	0	0	0	0	0	0	0	0	0	0	0	0	0	0	0	0	0	0	0	0
DAYLG1G2	0.575	0.5578	0.5534	0.5637	5.025e-05	0.01258	0.5508	0.594	0.575	0.5578	0.5534	0.5637	5.025e-05	0.01258	0.5508	0.594	0.575	0.5578	0.5534	0.5637	5.025e-05	0.01258	0.5508	0.594	0.575	0.5578	0.5534	0.5637	5.025e-05	0.01258	0.5508	0.594	0.575	0.5578	0.5534	0.5637	5.025e-05	0.01258	0.5508	0.594	0.575	0.5578	0.5534	0.5637	5.025e-05	0.01258	0.5508	0.594	0.575	0.5578	0.5534	0.5637	5.025e-05	0.01258	0.5508	0.594	0.575	0.5578	0.5534	0.5637	5.025e-05	0.01258	0.5508	0.594	0.575	0.5578	0.5534	0.5637	5.025e-05	0.01258	0.5508	0.594
RGRTG1G2	0.6	0.6355	0.7596	0.6128	0.01762	0.2166	0.2046	0.9703	0.6	0.6355	0.7596	0.6128	0.01762	0.2166	0.2046	0.9703	0.6	0.6355	0.7596	0.6128	0.01762	0.2166	0.2046	0.9703	0.6	0.6355	0.7596	0.6128	0.01762	0.2166	0.2046	0.9703	0.6	0.6355	0.7596	0.6128	0.01762	0.2166	0.2046	0.9703	0.6	0.6355	0.7596	0.6128	0.01762	0.2166	0.2046	0.9703	0.6	0.6355	0.7596	0.6128	0.01762	0.2166	0.2046	0.9703	0.6	0.6355	0.7596	0.6128	0.01762	0.2166	0.2046	0.9703	0.6	0.6355	0.7596	0.6128	0.01762	0.2166	0.2046	0.9703
RDRTMIN	0.005	0.005756	0.004873	0.003966	3.644e-06	0.4814	2.663e-05	0.01226	0.005	0.005756	0.004873	0.003966	3.644e-06	0.4814	2.663e-05	0.01226	0.005	0.005756	0.004873	0.003966	3.644e-06	0.4814	2.663e-05	0.01226	0.005	0.005756	0.004873	0.003966	3.644e-06	0.4814	2.663e-05	0.01226	0.005	0.005756	0.004873	0.003966	3.644e-06	0.4814	2.663e-05	0.01226	0.005	0.005756	0.004873	0.003966	3.644e-06	0.4814	2.663e-05	0.01226	0.005	0.005756	0.004873	0.003966	3.644e-06	0.4814	2.663e-05	0.01226	0.005	0.005756	0.004873	0.003966	3.644e-06	0.4814	2.663e-05	0.01226	0.005	0.005756	0.004873	0.003966	3.644e-06	0.4814	2.663e-05	0.01226
TVERN	4	3.791	3.621	4.299	0.4369	0.1538	3.009	7.141	4	3.791	3.621	4.299	0.4369	0.1538	3.009	7.141	4	3.791	3.621	4.299	0.4369	0.1538	3.009	7.141	4	3.791	3.621	4.299	0.4369	0.1538	3.009	7.141	4	3.791	3.621	4.299	0.4369	0.1538	3.009	7.141	4	3.791	3.621	4.299	0.4369	0.1538	3.009	7.141	4	3.791	3.621	4.299	0.4369	0.1538	3.009	7.141	4	3.791	3.621	4.299	0.4369	0.1538	3.009	7.141	4	3.791	3.621	4.299	0.4369	0.1538	3.009	7.141
TVERND	21	21.37	19.44	21.48	5.135	0.1055	14.74	27.34	21	21.37	19.44	21.48	5.135	0.1055	14.74	27.34	21	21.37	19.44	21.48	5.135	0.1055	14.74	27.34	21	21.37	19.44	21.48	5.135	0.1055	14.74	27.34	21	21.37	19.44	21.48	5.135	0.1055	14.74	27.34	21	21.37	19.44	21.48	5.135	0.1055	14.74	27.34	21	21.37	19.44	21.48	5.135	0.1055	14.74	27.34	21	21.37	19.44	21.48	5.135	0.1055	14.74	27.34	21	21.37	19.44	21.48	5.135	0.1055	14.74	27.34
AGEH	932.8	932.8	932.8	932.8	0	0	932.8	932.8	932.8	932.8	932.8	932.8	0	0	932.8	932.8	932.8	932.8	932.8	932.8	0	0	932.8	932.8	932.8	932.8	932.8	932.8	0	0	932.8	932.8	932.8	932.8	932.8	932.8	0	0	932.8	932.8	932.8	932.8	932.8	932.8	0	0	932.8	932.8	932.8	932.8	932.8	932.8	0	0	932.8	932.8	932.8	932.8	932.8	932.8	0	0	932.8	932.8	932.8	932.8	932.8	932.8	0	0	932.8	932.8
KAGE	0.0458	0.0458	0.0458	0.0458	0	0	0.0458	0.0458	0.0458	0.0458	0.0458	0.0458	0	0	0.0458	0.0458	0.0458	0.0458	0.0458	0.0458	0	0	0.0458	0.0458	0.0458	0.0458	0.0458	0.0458	0	0	0.0458	0.0458	0.0458	0.0458	0.0458	0.0458	0	0	0.0458	0.0458	0.0458	0.0458	0.0458	0.0458	0	0	0.0458	0.0458	0.0458	0.0458	0.0458	0.0458	0	0	0.0458	0.0458	0.0458	0.0458	0.0458	0.0458	0	0	0.0458	0.0458	0.0458	0.0458	0.0458	0.0458	0	0	0.0458	0.0458
RDRROOT	0.003	0.003682	0.004061	0.00368	1.1e-06	0.285	0.00105	0.007216	0.003	0.003682	0.004061	0.00368	1.1e-06	0.285	0.00105	0.007216	0.003	0.003682	0.004061	0.00368	1.1e-06	0.285	0.00105	0.007216	0.003	0.003682	0.004061	0.00368	1.1e-06	0.285	0.00105	0.007216	0.003	0.003682	0.004061	0.00368	1.1e-06	0.285	0.00105	0.007216	0.003	0.003682	0.004061	0.00368	1.1e-06	0.285	0.00105	0.007216	0.003	0.003682	0.004061	0.00368	1.1e-06	0.285	0.00105	0.007216	0.003	0.003682	0.004061	0.00368	1.1e-06	0.285	0.00105	0.007216	0.003	0.003682	0.004061	0.00368	1.1e-06	0.285	0.00105	0.007216
DAYLGEA	0.5	0.4946	0.501	0.4927	0.001037	0.06536	0.4043	0.5919	0.5	0.4946	0.501	0.4927	0.001037	0.06536	0.4043	0.5919	0.5	0.4946	0.501	0.4927	0.001037	0.06536	0.4043	0.5919	0.5	0.4946	0.501	0.4927	0.001037	0.06536	0.4043	0.5919	0.5	0.4946	0.501	0.4927	0.001037	0.06536	0.4043	0.5919	0.5	0.4946	0.501	0.4927	0.001037	0.06536	0.4043	0.5919	0.5	0.4946	0.501	0.4927	0.001037	0.06536	0.4043	0.5919	0.5	0.4946	0.501	0.4927	0.001037	0.06536	0.4043	0.5919	0.5	0.4946	0.501	0.4927	0.001037	0.06536	0.4043	0.5919
DAYLRV	0.55	0.6198	0.6281	0.5905	0.001982	0.07539	0.4544	0.6449	0.55	0.6198	0.6281	0.5905	0.001982	0.07539	0.4544	0.6449	0.55	0.6198	0.6281	0.5905	0.001982	0.07539	0.4544	0.6449	0.55	0.6198	0.6281	0.5905	0.001982	0.07539	0.4544	0.6449	0.55	0.6198	0.6281	0.5905	0.001982	0.07539	0.4544	0.6449	0.55	0.6198	0.6281	0.5905	0.001982	0.07539	0.4544	0.6449	0.55	0.6198	0.6281	0.5905	0.001982	0.07539	0.4544	0.6449	0.55	0.6198	0.6281	0.5905	0.001982	0.07539	0.4544	0.6449	0.55	0.6198	0.6281	0.5905	0.001982	0.07539	0.4544	0.6449
FCOCRESMN	0.2	0.4007	0.2598	0.4042	0.0254	0.3943	0.1038	0.8614	0.2	0.4007	0.2598	0.4042	0.0254	0.3943	0.1038	0.8614	0.2	0.4007	0.2598	0.4042	0.0254	0.3943	0.1038	0.8614	0.2	0.4007	0.2598	0.4042	0.0254	0.3943	0.1038	0.8614	0.2	0.4007	0.2598	0.4042	0.0254	0.3943	0.1038	0.8614	0.2	0.4007	0.2598	0.4042	0.0254	0.3943	0.1038	0.8614	0.2	0.4007	0.2598	0.4042	0.0254	0.3943	0.1038	0.8614	0.2	0.4007	0.2598	0.4042	0.0254	0.3943	0.1038	0.8614	0.2	0.4007	0.2598	0.4042	0.0254	0.3943	0.1038	0.8614
KCRT	10	13.37	9.486	15.16	61.79	0.5184	1.003	43.64	10	13.37	9.486	15.16	61.79	0.5184	1.003	43.64	10	13.37	9.486	15.16	61.79	0.5184	1.003	43.64	10	13.37	9.486	15.16	61.79	0.5184	1.003	43.64	10	13.37	9.486	15.16	61.79	0.5184	1.003	43.64	10	13.37	9.486	15.16	61.79	0.5184	1.003	43.64	10	13.37	9.486	15.16	61.79	0.5184	1.003	43.64	10	13.37	9.486	15.16	61.79	0.5184	1.003	43.64	10	13.37	9.486	15.16	61.79	0.5184	1.003	43.64
VERNDI	14	7.988	7.202	9.635	15.97	0.4147	1.396	24.91	14	7.988	7.202	9.635	15.97	0.4147	1.396	24.91	14	7.988	7.202	9.635	15.97	0.4147	1.396	24.91	14	15.94	7.078	13.09	19.04	0.3334	1.166	26.47	14	15.94	7.078	13.09	19.04	0.3334	1.166	26.47	14	15.94	7.078	13.09	19.04	0.3334	1.166	26.47	14	12.93	13.82	13.26	21.46	0.3493	0.7595	25.86	14	12.93	13.82	13.26	21.46	0.3493	0.7595	25.86	14	12.93	13.82	13.26	21.46	0.3493	0.7595	25.86
PERSDRT	0	0	0	0	0	0	0	0	0	0	0	0	0	0	0	0	0	0	0	0	0	0	0	0	0	0	0	0	0	0	0	0	0	0	0	0	0	0	0	0	0	0	0	0	0	0	0	0	0	0	0	0	0	0	0	0	0	0	0	0	0	0	0	0	0	0	0	0	0	0	0	0
PERSDTIL	0	0	0	0	0	0	0	0	0	0	0	0	0	0	0	0	0	0	0	0	0	0	0	0	0	0	0	0	0	0	0	0	0	0	0	0	0	0	0	0	0	0	0	0	0	0	0	0	0	0	0	0	0	0	0	0	0	0	0	0	0	0	0	0	0	0	0	0	0	0	0	0
PERSRES	0	0	0	0	0	0	0	0	0	0	0	0	0	0	0	0	0	0	0	0	0	0	0	0	0	0	0	0	0	0	0	0	0	0	0	0	0	0	0	0	0	0	0	0	0	0	0	0	0	0	0	0	0	0	0	0	0	0	0	0	0	0	0	0	0	0	0	0	0	0	0	0
RDRTILMIN	0.00074	0.0008033	0.0002642	0.0006775	8.348e-08	0.4264	0.0001186	0.001804	0.00074	0.0008033	0.0002642	0.0006775	8.348e-08	0.4264	0.0001186	0.001804	0.00074	0.0008033	0.0002642	0.0006775	8.348e-08	0.4264	0.0001186	0.001804	0.00074	0.0008033	0.0002642	0.0006775	8.348e-08	0.4264	0.0001186	0.001804	0.00074	0.0008033	0.0002642	0.0006775	8.348e-08	0.4264	0.0001186	0.001804	0.00074	0.0008033	0.0002642	0.0006775	8.348e-08	0.4264	0.0001186	0.001804	0.00074	0.0008033	0.0002642	0.0006775	8.348e-08	0.4264	0.0001186	0.001804	0.00074	0.0008033	0.0002642	0.0006775	8.348e-08	0.4264	0.0001186	0.001804	0.00074	0.0008033	0.0002642	0.0006775	8.348e-08	0.4264	0.0001186	0.001804
RDRHARVMAX	0.05	0.03388	0.0299	0.04371	0.0001326	0.2635	0.01242	0.08362	0.05	0.03388	0.0299	0.04371	0.0001326	0.2635	0.01242	0.08362	0.05	0.03388	0.0299	0.04371	0.0001326	0.2635	0.01242	0.08362	0.05	0.03388	0.0299	0.04371	0.0001326	0.2635	0.01242	0.08362	0.05	0.03388	0.0299	0.04371	0.0001326	0.2635	0.01242	0.08362	0.05	0.03388	0.0299	0.04371	0.0001326	0.2635	0.01242	0.08362	0.05	0.03388	0.0299	0.04371	0.0001326	0.2635	0.01242	0.08362	0.05	0.03388	0.0299	0.04371	0.0001326	0.2635	0.01242	0.08362	0.05	0.03388	0.0299	0.04371	0.0001326	0.2635	0.01242	0.08362
FGRESSI	0.5	0.2939	0.2919	0.3667	0.004335	0.1795	0.2551	0.6677	0.5	0.2939	0.2919	0.3667	0.004335	0.1795	0.2551	0.6677	0.5	0.2939	0.2919	0.3667	0.004335	0.1795	0.2551	0.6677	0.5	0.2939	0.2919	0.3667	0.004335	0.1795	0.2551	0.6677	0.5	0.2939	0.2919	0.3667	0.004335	0.1795	0.2551	0.6677	0.5	0.2939	0.2919	0.3667	0.004335	0.1795	0.2551	0.6677	0.5	0.2939	0.2919	0.3667	0.004335	0.1795	0.2551	0.6677	0.5	0.2939	0.2919	0.3667	0.004335	0.1795	0.2551	0.6677	0.5	0.2939	0.2919	0.3667	0.004335	0.1795	0.2551	0.6677
BD	1.2	1.118	1.266	1.17	0.004564	0.05774	0.9374	1.385	1.2	1.118	1.266	1.17	0.004564	0.05774	0.9374	1.385	1.2	1.118	1.266	1.17	0.004564	0.05774	0.9374	1.385	1.2	1.175	1.154	1.18	0.005488	0.06279	0.9565	1.394	1.2	1.175	1.154	1.18	0.005488	0.06279	0.9565	1.394	1.2	1.175	1.154	1.18	0.005488	0.06279	0.9565	1.394	1.2	1.182	1.091	1.172	0.005406	0.06276	0.9524	1.385	1.2	1.182	1.091	1.172	0.005406	0.06276	0.9524	1.385	1.2	1.182	1.091	1.172	0.005406	0.06276	0.9524	1.385
HARVFRD	0.2	0.278	0.3169	0.2695	0.001985	0.1653	0.1135	0.3921	0.2	0.278	0.3169	0.2695	0.001985	0.1653	0.1135	0.3921	0.2	0.278	0.3169	0.2695	0.001985	0.1653	0.1135	0.3921	0.2	0.278	0.3169	0.2695	0.001985	0.1653	0.1135	0.3921	0.2	0.278	0.3169	0.2695	0.001985	0.1653	0.1135	0.3921	0.2	0.278	0.3169	0.2695	0.001985	0.1653	0.1135	0.3921	0.2	0.278	0.3169	0.2695	0.001985	0.1653	0.1135	0.3921	0.2	0.278	0.3169	0.2695	0.001985	0.1653	0.1135	0.3921	0.2	0.278	0.3169	0.2695	0.001985	0.1653	0.1135	0.3921
EBIOMAX	131	131	131	131	0	0	131	131	131	131	131	131	0	0	131	131	131	131	131	131	0	0	131	131	131	131	131	131	0	0	131	131	131	131	131	131	0	0	131	131	131	131	131	131	0	0	131	131	131	131	131	131	0	0	131	131	131	131	131	131	0	0	131	131	131	131	131	131	0	0	131	131
KTIL	1000	821.2	1330	1087	78000	0.2569	177.4	1863	1000	821.2	1330	1087	78000	0.2569	177.4	1863	1000	821.2	1330	1087	78000	0.2569	177.4	1863	1000	821.2	1330	1087	78000	0.2569	177.4	1863	1000	821.2	1330	1087	78000	0.2569	177.4	1863	1000	821.2	1330	1087	78000	0.2569	177.4	1863	1000	821.2	1330	1087	78000	0.2569	177.4	1863	1000	821.2	1330	1087	78000	0.2569	177.4	1863	1000	821.2	1330	1087	78000	0.2569	177.4	1863
RDRWMAX	0	0	0	0	0	0	0	0	0	0	0	0	0	0	0	0	0	0	0	0	0	0	0	0	0	0	0	0	0	0	0	0	0	0	0	0	0	0	0	0	0	0	0	0	0	0	0	0	0	0	0	0	0	0	0	0	0	0	0	0	0	0	0	0	0	0	0	0	0	0	0	0
BASALI	0.9	0.8938	0.8859	0.8971	0.001274	0.03979	0.8098	0.9981	0.9	0.8938	0.8859	0.8971	0.001274	0.03979	0.8098	0.9981	0.9	0.8938	0.8859	0.8971	0.001274	0.03979	0.8098	0.9981	0.9	0.8678	0.8834	0.8939	0.001001	0.03539	0.8149	0.9872	0.9	0.8678	0.8834	0.8939	0.001001	0.03539	0.8149	0.9872	0.9	0.8678	0.8834	0.8939	0.001001	0.03539	0.8149	0.9872	0.9	0.8996	0.9029	0.9062	0.0007245	0.0297	0.8234	0.9912	0.9	0.8996	0.9029	0.9062	0.0007245	0.0297	0.8234	0.9912	0.9	0.8996	0.9029	0.9062	0.0007245	0.0297	0.8234	0.9912
ABASAL	0.001	0.0009472	0.001155	0.001047	1.115e-07	0.3189	3.226e-05	0.00188	0.001	0.0009472	0.001155	0.001047	1.115e-07	0.3189	3.226e-05	0.00188	0.001	0.0009472	0.001155	0.001047	1.115e-07	0.3189	3.226e-05	0.00188	0.001	0.0009472	0.001155	0.001047	1.115e-07	0.3189	3.226e-05	0.00188	0.001	0.0009472	0.001155	0.001047	1.115e-07	0.3189	3.226e-05	0.00188	0.001	0.0009472	0.001155	0.001047	1.115e-07	0.3189	3.226e-05	0.00188	0.001	0.0009472	0.001155	0.001047	1.115e-07	0.3189	3.226e-05	0.00188	0.001	0.0009472	0.001155	0.001047	1.115e-07	0.3189	3.226e-05	0.00188	0.001	0.0009472	0.001155	0.001047	1.115e-07	0.3189	3.226e-05	0.00188
TVERNDMN	7	6.244	5.878	7.438	4.056	0.2708	1.466	12.8	7	6.244	5.878	7.438	4.056	0.2708	1.466	12.8	7	6.244	5.878	7.438	4.056	0.2708	1.466	12.8	7	6.244	5.878	7.438	4.056	0.2708	1.466	12.8	7	6.244	5.878	7.438	4.056	0.2708	1.466	12.8	7	6.244	5.878	7.438	4.056	0.2708	1.466	12.8	7	6.244	5.878	7.438	4.056	0.2708	1.466	12.8	7	6.244	5.878	7.438	4.056	0.2708	1.466	12.8	7	6.244	5.878	7.438	4.056	0.2708	1.466	12.8
RDRWEX	1	1	1	1	0	0	1	1	1	1	1	1	0	0	1	1	1	1	1	1	0	0	1	1	1	1	1	1	0	0	1	1	1	1	1	1	0	0	1	1	1	1	1	1	0	0	1	1	1	1	1	1	0	0	1	1	1	1	1	1	0	0	1	1	1	1	1	1	0	0	1	1
