CLV	2013	266	99.0225724227679	60	sd	1
CLV	2013	323	109.328572672361	60	sd	1
CLV	2014	6	72.9245653282031	60	sd	1
CLV	2014	103	79.1026681792785	60	sd	1
CLV	2014	265	92.8919445316331	60	sd	1
CLV	2015	12	82.1283964536084	60	sd	1
CLV	2015	89	112.754797864215	60	sd	1
CLV	2015	243	103.15936808782	60	sd	1
CLV	2015	314	104.203692350513	60	sd	1
CLV	2016	11	103.536685902137	60	sd	1
CLV	2016	96	81.565811631762	60	sd	1
CLV	2016	243	80.3498266571854	60	sd	1
CLV	2016	305	88.4518430207261	60	sd	1
CLV	2017	16	46.3295387831682	60	sd	1
CLV	2017	99	80.1494803853196	60	sd	1
CLV	2017	240	82.578059029584	60	sd	1
CST	2013	266	0	20	sd	1
CST	2013	323	11.8131448401036	20	sd	1
CST	2014	6	5.71707222784014	20	sd	1
CST	2014	103	0	20	sd	1
CST	2014	265	0	20	sd	1
CST	2015	12	12.6247235870595	20	sd	1
CST	2015	89	0	20	sd	1
CST	2015	243	0	20	sd	1
CST	2015	314	12.248712483836	20	sd	1
CST	2016	11	12.6803649937902	20	sd	1
CST	2016	96	0	20	sd	1
CST	2016	243	0	20	sd	1
CST	2016	305	8.04449517093272	20	sd	1
CST	2017	16	17.6382783736911	20	sd	1
CST	2017	99	0.554875043228503	20	sd	1
CST	2017	240	0	20	sd	1
TILTOT	2011	140	1440	2000	sd	0
TILTOT	2011	287	7420	2000	sd	0
TILTOT	2011	346	4400	2000	sd	0
TILTOT	2012	117	5680	2000	sd	1
TILTOT	2013	133	10700	2000	sd	1
TILTOT	2014	147	6720	2000	sd	1
TILTOT	2015	114	8820	2000	sd	1
TILTOT	2016	110	6960	2000	sd	1
TILTOT	2017	118	5660	2000	sd	1
