# # # # # # # # # # # # # # # # # # # # # # # # # 
## MCMC chain summary ## 
# # # # # # # # # # # # # # # # # # # # # # # # # 
 
# MCMC sampler:  DREAMzs 
# Nr. Chains:  9 
# Iterations per chain:  8000 
# Rejection rate:  0.991 
# Effective sample size:  78 
# Runtime:  310.81  sec. 
 
# Parameters
             psf    MAP   2.5% median  97.5%
LOG10CLVI  1.269  1.011  0.747  0.950  1.166
LOG10CRESI 1.526  0.822  0.337  0.926  1.591
LOG10CRTI  1.204  1.020  0.823  0.999  1.228
LOG10LAII  1.254 -1.022 -1.696 -1.076 -0.530
TILTOTI    1.240  0.707  0.482  0.980  1.518
AGEH       1.268  0.790  0.541  0.851  1.142
COCRESMX   1.171  1.520  1.088  1.438  1.688
CSTAVM     1.335  0.610  0.381  0.861  1.360
DAYLB      1.498  1.099  0.906  1.143  1.347
DAYLG1G2   1.464  0.969  0.928  0.965  1.042
DAYLGEA    1.384  0.903  0.860  0.932  1.032
DAYLP      1.232  0.722  0.686  0.792  0.999
DAYLRV     1.234  1.137  1.024  1.102  1.173
DLMXGE     1.538  0.953  0.915  0.978  1.057
FCOCRESMN  1.309  0.454  0.237  0.515  0.977
FSLAMIN    1.737  0.862  0.687  0.961  1.202
FWCFC      1.235  1.171  1.016  1.124  1.191
FWCWP      1.127  1.314  0.888  1.192  1.457
HAGERE     1.556  0.928  0.912  1.067  1.171
KAGE       1.155  0.470  0.052  0.338  0.889
KCRT       1.086  0.163  0.069  0.324  0.945
KLAI       1.190  1.273  0.706  1.060  1.328
KLUETILG   1.328  0.915  0.324  0.855  1.579
KRESPHARD  1.139  0.436  0.149  0.433  1.145
LAICR      1.267  0.853  0.761  0.874  1.057
LAIEFT     1.472  1.074  0.551  0.963  1.300
LAITIL     1.187  1.101  0.786  1.010  1.245
LFWIDG     1.238  0.237  0.200  0.396  0.748
LFWIDV     1.302  0.340  0.216  0.296  0.499
LSHAPE     1.097  1.239  0.766  1.178  1.469
NELLVM     1.380  0.590  0.540  0.675  0.921
PHENCR     1.331  0.907  0.616  0.994  1.427
PHY        1.216  1.126  0.948  1.248  1.540
RDRROOT    1.201  0.673  0.275  0.649  1.200
RDRSCO     1.332  0.793  0.357  0.780  1.295
RDRSMX     1.193  0.859  0.548  0.976  1.408
RDRTEM     1.265  0.825  0.565  0.822  1.139
RDRTMIN    1.174  0.879  0.472  1.122  1.645
RGENMX     1.370  0.946  0.578  0.920  1.487
RGRTG1G2   1.279  1.285  0.444  1.109  1.594
ROOTDM     1.160  0.330  0.319  0.460  0.803
RUBISC     1.193  0.568  0.391  0.603  1.189
SIMAX1T    1.333  1.155  0.723  0.915  1.244
SLAMAX     1.269  1.178  0.972  1.154  1.267
TBASE      1.327  1.199  0.754  1.109  1.407
TCRES      1.139  0.574  0.449  0.745  1.186
TOPTGE     1.165  0.969  0.823  1.012  1.161
TRANCO     1.393  0.718  0.495  0.815  1.231
TVERN      1.503  0.695  0.575  0.789  1.096
TVERND     1.203  0.939  0.810  1.035  1.241
VERNDI     1.390  1.642  0.077  0.899  1.859
YG         1.488  0.881  0.765  0.941  1.136
WCST       1.156  1.062  0.898  1.008  1.139

## DIC:  686.178 
## Convergence 
 Gelman Rubin multivariate psrf:  4.071 
 
## Correlations 
           LOG10CLVI LOG10CRESI LOG10CRTI LOG10LAII TILTOTI   AGEH COCRESMX CSTAVM  DAYLB DAYLG1G2 DAYLGEA
LOG10CLVI      1.000     -0.004    -0.007     0.211  -0.169  0.058   -0.027  0.015  0.017    0.144   0.203
LOG10CRESI    -0.004      1.000     0.059     0.123  -0.260 -0.008    0.230 -0.133  0.034   -0.072   0.205
LOG10CRTI     -0.007      0.059     1.000    -0.085  -0.166 -0.088   -0.105  0.206  0.004   -0.021  -0.082
LOG10LAII      0.211      0.123    -0.085     1.000  -0.269 -0.032   -0.016 -0.069  0.143    0.077   0.188
TILTOTI       -0.169     -0.260    -0.166    -0.269   1.000  0.028   -0.156  0.032 -0.245   -0.190  -0.345
AGEH           0.058     -0.008    -0.088    -0.032   0.028  1.000   -0.096  0.030  0.098   -0.094  -0.034
COCRESMX      -0.027      0.230    -0.105    -0.016  -0.156 -0.096    1.000 -0.138  0.047   -0.038   0.096
CSTAVM         0.015     -0.133     0.206    -0.069   0.032  0.030   -0.138  1.000  0.151   -0.043  -0.071
DAYLB          0.017      0.034     0.004     0.143  -0.245  0.098    0.047  0.151  1.000    0.338   0.315
DAYLG1G2       0.144     -0.072    -0.021     0.077  -0.190 -0.094   -0.038 -0.043  0.338    1.000   0.230
DAYLGEA        0.203      0.205    -0.082     0.188  -0.345 -0.034    0.096 -0.071  0.315    0.230   1.000
DAYLP         -0.057      0.098    -0.152     0.145   0.130 -0.064    0.017 -0.187 -0.126    0.124  -0.057
DAYLRV        -0.078     -0.071     0.082    -0.055   0.046 -0.204    0.052  0.050  0.166    0.005  -0.048
DLMXGE        -0.090      0.072    -0.015     0.046  -0.071  0.158    0.123 -0.199  0.039    0.103   0.060
FCOCRESMN      0.034     -0.119    -0.086     0.129   0.194 -0.116    0.058  0.015 -0.211   -0.138  -0.111
FSLAMIN       -0.043     -0.085     0.191    -0.088   0.053 -0.259   -0.050  0.191 -0.259    0.037  -0.041
FWCFC         -0.033      0.110    -0.042     0.215  -0.297 -0.144    0.208 -0.014  0.051   -0.100   0.127
FWCWP          0.126      0.146     0.065     0.110  -0.105 -0.138    0.161 -0.172 -0.184   -0.094   0.058
            DAYLP DAYLRV DLMXGE FCOCRESMN FSLAMIN  FWCFC  FWCWP HAGERE   KAGE   KCRT   KLAI KLUETILG
LOG10CLVI  -0.057 -0.078 -0.090     0.034  -0.043 -0.033  0.126  0.198 -0.146  0.079 -0.182   -0.054
LOG10CRESI  0.098 -0.071  0.072    -0.119  -0.085  0.110  0.146 -0.080 -0.015  0.117 -0.251    0.036
LOG10CRTI  -0.152  0.082 -0.015    -0.086   0.191 -0.042  0.065 -0.166 -0.080  0.159 -0.025    0.034
LOG10LAII   0.145 -0.055  0.046     0.129  -0.088  0.215  0.110  0.204 -0.281 -0.075 -0.035    0.027
TILTOTI     0.130  0.046 -0.071     0.194   0.053 -0.297 -0.105  0.199  0.059 -0.106  0.038    0.115
AGEH       -0.064 -0.204  0.158    -0.116  -0.259 -0.144 -0.138  0.031  0.126  0.016  0.114    0.056
COCRESMX    0.017  0.052  0.123     0.058  -0.050  0.208  0.161  0.079 -0.174 -0.035 -0.066    0.113
CSTAVM     -0.187  0.050 -0.199     0.015   0.191 -0.014 -0.172 -0.072 -0.112 -0.020 -0.076    0.007
DAYLB      -0.126  0.166  0.039    -0.211  -0.259  0.051 -0.184 -0.114 -0.153 -0.085  0.264    0.136
DAYLG1G2    0.124  0.005  0.103    -0.138   0.037 -0.100 -0.094  0.046 -0.094  0.035  0.224    0.182
DAYLGEA    -0.057 -0.048  0.060    -0.111  -0.041  0.127  0.058 -0.061  0.079  0.044 -0.025   -0.001
DAYLP       1.000 -0.142  0.135     0.030   0.014  0.008  0.050  0.303  0.080 -0.060 -0.064    0.095
DAYLRV     -0.142  1.000 -0.189     0.006  -0.001 -0.172 -0.089 -0.145 -0.220 -0.188  0.176   -0.019
DLMXGE      0.135 -0.189  1.000     0.001  -0.048 -0.010  0.078 -0.038  0.026  0.061 -0.022    0.228
FCOCRESMN   0.030  0.006  0.001     1.000   0.078 -0.082  0.047  0.155 -0.209 -0.075  0.059   -0.017
FSLAMIN     0.014 -0.001 -0.048     0.078   1.000 -0.020  0.197 -0.006 -0.099  0.160 -0.204   -0.079
FWCFC       0.008 -0.172 -0.010    -0.082  -0.020  1.000  0.174  0.010 -0.089  0.056 -0.069   -0.176
FWCWP       0.050 -0.089  0.078     0.047   0.197  0.174  1.000  0.000 -0.014  0.066 -0.264    0.051
           KRESPHARD  LAICR LAIEFT LAITIL LFWIDG LFWIDV LSHAPE NELLVM PHENCR    PHY RDRROOT RDRSCO RDRSMX
LOG10CLVI      0.066 -0.041 -0.095  0.047 -0.173  0.015 -0.011  0.178 -0.065 -0.048   0.089 -0.022 -0.164
LOG10CRESI    -0.086 -0.100 -0.094 -0.144  0.048 -0.026  0.001  0.031 -0.004 -0.106  -0.100 -0.165 -0.046
LOG10CRTI     -0.216  0.010 -0.153  0.119  0.000  0.048 -0.060  0.058 -0.193 -0.262  -0.315 -0.124 -0.037
LOG10LAII     -0.101 -0.219 -0.258 -0.150 -0.238 -0.101 -0.019  0.083  0.190  0.103   0.115 -0.071  0.032
TILTOTI        0.265  0.213  0.031  0.162  0.158  0.049 -0.007  0.028 -0.118  0.186   0.054  0.175 -0.062
AGEH           0.256 -0.052 -0.118  0.064 -0.134 -0.064 -0.036  0.042 -0.162 -0.069   0.006 -0.089  0.028
COCRESMX      -0.059 -0.211  0.023 -0.194  0.156  0.033 -0.022 -0.074  0.085 -0.061  -0.103  0.133  0.192
CSTAVM        -0.196  0.096 -0.019  0.222 -0.013  0.045  0.192 -0.254 -0.038 -0.076  -0.140  0.080  0.214
DAYLB          0.032  0.146  0.070 -0.001 -0.191  0.076 -0.162 -0.281 -0.008 -0.064  -0.001 -0.100  0.230
DAYLG1G2       0.181  0.144  0.201  0.074 -0.019  0.000 -0.169  0.191 -0.100 -0.064   0.195  0.081  0.006
DAYLGEA       -0.040 -0.130 -0.017 -0.006 -0.061  0.137 -0.081 -0.006  0.120 -0.019   0.098 -0.025  0.077
DAYLP          0.298  0.082 -0.197 -0.078 -0.040 -0.043  0.077  0.259  0.122  0.253   0.292 -0.022 -0.059
DAYLRV        -0.049  0.192  0.214 -0.070 -0.056 -0.276  0.097 -0.143 -0.018 -0.096  -0.096  0.006  0.190
DLMXGE        -0.027 -0.164 -0.056 -0.264 -0.076 -0.215 -0.151  0.198 -0.087 -0.001   0.122 -0.144 -0.115
FCOCRESMN     -0.037 -0.122 -0.227  0.087  0.216  0.066 -0.026 -0.033  0.222 -0.093  -0.008  0.128  0.025
FSLAMIN       -0.200 -0.153  0.046  0.014  0.190 -0.016  0.104 -0.010 -0.207 -0.011  -0.050  0.188 -0.158
FWCFC         -0.113 -0.236 -0.163  0.032 -0.237 -0.085  0.139 -0.071  0.251 -0.028  -0.092 -0.067  0.030
FWCWP         -0.069 -0.042  0.023 -0.146  0.126  0.091 -0.107  0.043  0.059 -0.134   0.088 -0.004 -0.184
           RDRTEM RDRTMIN RGENMX RGRTG1G2 ROOTDM RUBISC SIMAX1T SLAMAX  TBASE  TCRES TOPTGE TRANCO  TVERN
LOG10CLVI  -0.226  -0.011  0.127   -0.180 -0.084 -0.137  -0.069  0.004 -0.100  0.100  0.131  0.115 -0.310
LOG10CRESI -0.163  -0.010 -0.062   -0.031  0.071  0.076   0.124  0.163  0.055 -0.129 -0.054 -0.040 -0.126
LOG10CRTI  -0.201  -0.013  0.181   -0.046 -0.152 -0.165  -0.156 -0.075 -0.025  0.019  0.017  0.042  0.324
LOG10LAII   0.161  -0.002  0.010   -0.262 -0.081 -0.012   0.054  0.251  0.213  0.009 -0.072 -0.236 -0.323
TILTOTI     0.188   0.152  0.069    0.126  0.188  0.147  -0.023 -0.129 -0.100  0.076 -0.088 -0.017  0.184
AGEH       -0.024  -0.101  0.073    0.096  0.096  0.074   0.022 -0.109 -0.054 -0.083 -0.072 -0.292  0.077
COCRESMX   -0.009  -0.024  0.022   -0.007 -0.039  0.105   0.098  0.139  0.173 -0.219 -0.035 -0.052 -0.131
CSTAVM     -0.079   0.073 -0.098    0.161 -0.129 -0.198  -0.280 -0.104 -0.128  0.186 -0.015  0.052  0.140
DAYLB       0.162  -0.318 -0.318   -0.046 -0.215 -0.056   0.159 -0.183  0.034 -0.038 -0.017 -0.109  0.068
DAYLG1G2    0.046  -0.317 -0.251   -0.198 -0.142 -0.083   0.098 -0.009 -0.184  0.002  0.144  0.257  0.000
DAYLGEA    -0.115  -0.347 -0.058   -0.085 -0.001 -0.040   0.015 -0.024  0.104 -0.097  0.143 -0.016 -0.248
DAYLP       0.118   0.076  0.055   -0.324  0.116 -0.018   0.159 -0.009 -0.090  0.037  0.008 -0.184 -0.022
DAYLRV     -0.174   0.053 -0.014    0.117 -0.222 -0.286   0.065 -0.088  0.124  0.085  0.030  0.100  0.216
DLMXGE      0.087  -0.157 -0.053   -0.002  0.123  0.230   0.136  0.063  0.059 -0.158 -0.190 -0.212  0.043
FCOCRESMN  -0.026   0.087  0.102   -0.176  0.064 -0.097   0.063  0.083  0.093  0.059 -0.104 -0.010 -0.169
FSLAMIN     0.052   0.085 -0.097    0.119 -0.002  0.070  -0.115  0.009 -0.064  0.039 -0.097  0.156  0.130
FWCFC       0.088   0.038  0.053   -0.122 -0.242  0.036   0.000  0.281  0.201 -0.221  0.236 -0.149 -0.183
FWCWP      -0.177   0.168 -0.027   -0.088  0.175  0.035   0.102  0.042  0.249 -0.089  0.013  0.028 -0.290
           TVERND VERNDI     YG   WCST
LOG10CLVI  -0.040  0.080 -0.110  0.086
LOG10CRESI  0.021  0.245  0.000 -0.014
LOG10CRTI   0.115  0.034  0.003  0.096
LOG10LAII  -0.124  0.148  0.041 -0.155
TILTOTI     0.102 -0.059  0.041  0.052
AGEH       -0.181  0.108 -0.097 -0.013
COCRESMX   -0.021 -0.076 -0.183  0.014
CSTAVM      0.026 -0.199  0.059  0.002
DAYLB      -0.095 -0.069 -0.063  0.061
DAYLG1G2    0.037  0.028  0.119  0.065
DAYLGEA     0.029  0.075  0.054 -0.209
DAYLP       0.069  0.193  0.084 -0.148
DAYLRV      0.186 -0.135 -0.043  0.222
DLMXGE     -0.075  0.098 -0.125 -0.066
FCOCRESMN   0.106 -0.105 -0.052  0.005
FSLAMIN     0.064 -0.303  0.335  0.053
FWCFC       0.049  0.094  0.057 -0.362
FWCWP      -0.017  0.000  0.155 -0.136
 [ reached getOption("max.print") -- omitted 35 rows ]
