# # # # # # # # # # # # # # # # # # # # # # # # # 
## MCMC chain summary ## 
# # # # # # # # # # # # # # # # # # # # # # # # # 
 
# MCMC sampler:  DREAMzs 
# Nr. Chains:  9 
# Iterations per chain:  16000 
# Rejection rate:  0.981 
# Effective sample size:  215 
# Runtime:  1258.84  sec. 
 
# Parameters
             psf   MAP  2.5% median 97.5%
LOG10CLVI  1.061 1.329 0.857  1.149 1.358
TILTOTI    1.024 1.071 0.467  0.930 1.397
VERNDI     1.102 1.081 0.444  1.119 1.665
ABASAL     1.033 0.978 0.362  0.945 1.585
BASALI     1.142 1.148 0.902  1.069 1.210
BD         1.041 1.100 0.878  1.020 1.148
COCRESMX   1.122 1.136 0.842  1.299 1.645
CSTAVM     1.080 1.232 0.432  0.907 1.431
DAYLB      1.133 1.661 1.131  1.552 1.791
DAYLG1G2   1.165 0.985 0.970  0.993 1.009
DAYLGEA    1.115 0.912 0.850  0.946 1.055
DAYLP      1.051 0.786 0.690  0.809 1.032
DAYLRV     1.071 1.110 0.965  1.104 1.186
DLMXGE     1.060 0.774 0.730  0.834 1.018
FCOCRESMN  1.042 0.296 0.216  0.543 1.136
FGRESSI    1.112 1.147 0.716  1.026 1.325
FSLAMIN    1.038 0.835 0.678  0.884 1.141
FSMAX      1.042 0.980 0.916  1.007 1.095
FWCFC      1.044 0.920 0.903  0.959 1.024
FWCWP      1.057 0.689 0.612  0.760 0.931
HAGERE     1.021 1.054 0.906  1.055 1.167
HARVFRD    1.126 0.856 0.539  0.891 1.292
KCRT       1.049 0.077 0.037  0.217 0.685
KLAI       1.066 1.073 0.699  1.021 1.334
KLUETILG   1.057 0.868 0.368  0.990 1.663
KRESPHARD  1.045 0.794 0.132  0.570 1.236
KTIL       1.094 0.940 0.380  0.937 1.524
LAICR      1.031 0.884 0.759  0.891 1.068
LAIEFT     1.075 0.461 0.435  0.584 0.871
LAITIL     1.095 1.118 0.994  1.185 1.304
LFWIDG     1.034 0.983 0.189  0.730 1.410
LFWIDV     1.093 0.794 0.603  0.734 0.971
PHENCR     1.032 0.958 0.547  1.016 1.436
PHY        1.051 0.915 0.672  1.080 1.473
RDRHARVMAX 1.075 0.699 0.440  0.930 1.484
RDRROOT    1.048 0.599 0.240  0.569 1.085
RDRSCO     1.026 0.622 0.420  0.886 1.431
RDRSMX     1.026 1.266 0.575  0.992 1.419
RDRTEM     1.064 1.143 0.638  1.049 1.378
RDRTMIN    1.059 0.776 0.370  0.910 1.512
RDRTILMIN  1.013 0.512 0.257  0.762 1.302
RDRWMAX    1.088 0.463 0.152  0.503 1.112
RGENMX     1.055 0.325 0.247  0.468 0.839
RGRTG1G2   1.132 0.864 0.469  1.184 1.713
ROOTDM     1.039 1.043 0.694  1.012 1.373
RUBISC     1.166 0.638 0.494  0.760 1.227
SIMAX1T    1.033 0.828 0.611  0.889 1.238
SLAMAX     1.033 1.140 0.904  1.073 1.239
TBASE      1.054 1.156 0.820  1.130 1.375
TCRES      1.088 0.907 0.597  0.816 1.114
TOPTGE     1.059 1.080 0.820  1.061 1.241
TRANCO     1.047 0.718 0.541  0.795 1.205
TVERN      1.073 0.706 0.592  0.803 1.099
TVERND     1.026 0.924 0.789  1.016 1.214
TVERNDMN   1.022 1.359 0.421  1.040 1.671
YG         1.079 1.000 0.778  0.935 1.106

## DIC:  1771.68 
## Convergence 
 Gelman Rubin multivariate psrf:  1.739 
 
## Correlations 
           LOG10CLVI TILTOTI VERNDI ABASAL BASALI     BD COCRESMX CSTAVM  DAYLB DAYLG1G2 DAYLGEA  DAYLP
LOG10CLVI      1.000   0.111  0.017 -0.010  0.039  0.096    0.009 -0.015  0.047   -0.040  -0.064  0.017
TILTOTI        0.111   1.000  0.042  0.108  0.083 -0.080    0.051  0.007  0.125   -0.073  -0.015  0.088
VERNDI         0.017   0.042  1.000 -0.004 -0.071 -0.027   -0.031 -0.040 -0.045   -0.048   0.056 -0.045
ABASAL        -0.010   0.108 -0.004  1.000 -0.039  0.017    0.031  0.017 -0.027    0.048  -0.009  0.004
BASALI         0.039   0.083 -0.071 -0.039  1.000 -0.035   -0.116 -0.058  0.090   -0.047  -0.160  0.025
BD             0.096  -0.080 -0.027  0.017 -0.035  1.000   -0.018  0.053 -0.049    0.064  -0.032  0.006
COCRESMX       0.009   0.051 -0.031  0.031 -0.116 -0.018    1.000  0.072 -0.101    0.051   0.091  0.056
CSTAVM        -0.015   0.007 -0.040  0.017 -0.058  0.053    0.072  1.000 -0.127    0.064   0.091  0.005
DAYLB          0.047   0.125 -0.045 -0.027  0.090 -0.049   -0.101 -0.127  1.000   -0.105   0.005 -0.041
DAYLG1G2      -0.040  -0.073 -0.048  0.048 -0.047  0.064    0.051  0.064 -0.105    1.000  -0.011 -0.020
DAYLGEA       -0.064  -0.015  0.056 -0.009 -0.160 -0.032    0.091  0.091  0.005   -0.011   1.000 -0.037
DAYLP          0.017   0.088 -0.045  0.004  0.025  0.006    0.056  0.005 -0.041   -0.020  -0.037  1.000
DAYLRV        -0.045  -0.082 -0.074  0.028 -0.141 -0.050   -0.019 -0.040  0.031   -0.032   0.080  0.032
DLMXGE        -0.121  -0.146 -0.024 -0.076 -0.114  0.002    0.000  0.102 -0.329   -0.064   0.202 -0.058
FCOCRESMN     -0.062  -0.084  0.072  0.010  0.047  0.093   -0.025  0.055  0.006    0.069   0.075 -0.118
FGRESSI        0.012  -0.069 -0.016 -0.016  0.047  0.020   -0.001 -0.111  0.348   -0.035  -0.172 -0.024
FSLAMIN       -0.015  -0.041 -0.110  0.050  0.045 -0.006    0.006  0.082 -0.092    0.076   0.037 -0.072
           DAYLRV DLMXGE FCOCRESMN FGRESSI FSLAMIN  FSMAX  FWCFC  FWCWP HAGERE HARVFRD   KCRT   KLAI
LOG10CLVI  -0.045 -0.121    -0.062   0.012  -0.015  0.016 -0.014  0.011 -0.012  -0.012 -0.056 -0.025
TILTOTI    -0.082 -0.146    -0.084  -0.069  -0.041  0.010  0.039 -0.074  0.015  -0.024 -0.028 -0.032
VERNDI     -0.074 -0.024     0.072  -0.016  -0.110  0.050 -0.059 -0.011 -0.012   0.107  0.084 -0.097
ABASAL      0.028 -0.076     0.010  -0.016   0.050 -0.047 -0.012  0.097  0.069   0.042 -0.048  0.046
BASALI     -0.141 -0.114     0.047   0.047   0.045 -0.037 -0.045  0.000 -0.008   0.013 -0.124  0.098
BD         -0.050  0.002     0.093   0.020  -0.006 -0.057  0.114 -0.073 -0.003   0.045  0.029  0.155
COCRESMX   -0.019  0.000    -0.025  -0.001   0.006  0.062  0.097  0.091 -0.128  -0.015  0.175 -0.002
CSTAVM     -0.040  0.102     0.055  -0.111   0.082 -0.058 -0.053  0.028 -0.020   0.068  0.071  0.004
DAYLB       0.031 -0.329     0.006   0.348  -0.092  0.032 -0.054 -0.023  0.048  -0.068 -0.204  0.191
DAYLG1G2   -0.032 -0.064     0.069  -0.035   0.076  0.078  0.091  0.180  0.033   0.194  0.096 -0.011
DAYLGEA     0.080  0.202     0.075  -0.172   0.037  0.068  0.095  0.053  0.023   0.155  0.144 -0.039
DAYLP       0.032 -0.058    -0.118  -0.024  -0.072 -0.078  0.054  0.051 -0.028   0.077 -0.094  0.004
DAYLRV      1.000  0.041    -0.038  -0.062  -0.087 -0.097  0.062  0.003  0.066  -0.027  0.089  0.019
DLMXGE      0.041  1.000    -0.004  -0.027   0.033  0.016  0.014 -0.004 -0.034  -0.083  0.050 -0.096
FCOCRESMN  -0.038 -0.004     1.000   0.038  -0.053  0.019  0.019  0.020  0.063   0.058  0.028  0.074
FGRESSI    -0.062 -0.027     0.038   1.000   0.080  0.024 -0.099 -0.017  0.071  -0.104 -0.045  0.099
FSLAMIN    -0.087  0.033    -0.053   0.080   1.000  0.123  0.055  0.053  0.008   0.008  0.060 -0.109
           KLUETILG KRESPHARD   KTIL  LAICR LAIEFT LAITIL LFWIDG LFWIDV PHENCR    PHY RDRHARVMAX
LOG10CLVI    -0.007     0.007 -0.043 -0.156 -0.045  0.059  0.088  0.056 -0.174 -0.105      0.086
TILTOTI      -0.011     0.016 -0.139 -0.102 -0.076  0.108  0.010  0.073 -0.034 -0.074      0.066
VERNDI        0.102     0.006 -0.057  0.035 -0.082 -0.079  0.008 -0.023 -0.081  0.094     -0.046
ABASAL       -0.015    -0.081 -0.126  0.017  0.000  0.064  0.055 -0.019  0.144  0.096      0.063
BASALI        0.025     0.037  0.019 -0.183  0.045  0.081 -0.034  0.121 -0.028 -0.029     -0.052
BD           -0.034     0.051 -0.026 -0.077  0.045  0.052  0.035 -0.019  0.114  0.013      0.014
COCRESMX      0.034     0.031 -0.012 -0.090  0.028 -0.051 -0.077  0.021 -0.076 -0.013     -0.041
CSTAVM        0.068     0.002 -0.009 -0.007  0.043 -0.059  0.011 -0.009 -0.034  0.029     -0.114
DAYLB        -0.113     0.041 -0.026  0.197 -0.153  0.084  0.067 -0.217 -0.007 -0.116      0.095
DAYLG1G2      0.069    -0.027  0.122 -0.022  0.061 -0.061  0.053 -0.050 -0.005 -0.008     -0.075
DAYLGEA       0.066     0.031 -0.008 -0.061  0.131 -0.141 -0.049 -0.050 -0.038  0.244     -0.040
DAYLP         0.091    -0.128 -0.070  0.028 -0.027 -0.050 -0.127  0.109  0.002  0.051      0.052
DAYLRV        0.011    -0.057  0.047  0.032  0.075 -0.006 -0.100 -0.067  0.039  0.080      0.081
DLMXGE        0.052     0.100  0.002  0.004  0.018 -0.026 -0.070 -0.130 -0.060 -0.031     -0.086
FCOCRESMN    -0.058     0.097  0.109 -0.048 -0.009  0.034  0.093 -0.031  0.015  0.036     -0.017
FGRESSI      -0.115     0.051 -0.003 -0.008 -0.018 -0.017  0.082 -0.109 -0.041  0.030      0.054
FSLAMIN      -0.029     0.035 -0.007  0.099  0.147 -0.101  0.052  0.002  0.039 -0.047     -0.111
           RDRROOT RDRSCO RDRSMX RDRTEM RDRTMIN RDRTILMIN RDRWMAX RGENMX RGRTG1G2 ROOTDM RUBISC SIMAX1T
LOG10CLVI   -0.052 -0.030  0.041 -0.056   0.031    -0.005   0.053 -0.116   -0.118 -0.016 -0.065  -0.001
TILTOTI     -0.144 -0.125  0.038  0.016   0.114     0.115  -0.015 -0.079    0.019 -0.032 -0.135   0.034
VERNDI       0.012 -0.005 -0.009  0.011  -0.012     0.039  -0.026  0.015   -0.005  0.128 -0.011   0.016
ABASAL       0.066  0.062 -0.056 -0.112   0.008     0.041   0.052 -0.070   -0.060  0.068 -0.047  -0.015
BASALI      -0.061 -0.024  0.085  0.094  -0.042     0.001   0.019 -0.023   -0.106 -0.047 -0.077  -0.025
BD          -0.025 -0.117 -0.010 -0.083  -0.028     0.021  -0.058 -0.085   -0.035 -0.066 -0.057  -0.003
COCRESMX     0.011  0.096 -0.090 -0.045  -0.040    -0.049  -0.088 -0.065    0.013 -0.028  0.182  -0.005
CSTAVM      -0.086 -0.163 -0.022 -0.086   0.065    -0.055   0.017 -0.224    0.006  0.029 -0.009   0.040
DAYLB       -0.012 -0.135  0.013  0.229   0.085    -0.098   0.042 -0.115    0.041 -0.046 -0.209   0.030
DAYLG1G2     0.023 -0.076 -0.065 -0.032  -0.018     0.029  -0.076 -0.031    0.027 -0.079  0.130  -0.029
DAYLGEA      0.038 -0.128  0.097  0.002  -0.018     0.062   0.001  0.206    0.069  0.009  0.052   0.004
DAYLP        0.045 -0.010 -0.001  0.101  -0.141     0.030   0.057 -0.002   -0.014 -0.015  0.034  -0.051
DAYLRV       0.098  0.012 -0.057  0.056  -0.012    -0.062  -0.072 -0.029    0.052  0.026  0.041   0.061
DLMXGE       0.025 -0.036 -0.006  0.083   0.034    -0.081   0.040  0.303    0.029  0.009  0.124   0.108
FCOCRESMN    0.117 -0.029  0.059  0.042   0.059    -0.034  -0.028  0.125    0.022  0.068  0.051  -0.145
FGRESSI     -0.052  0.050  0.008  0.040   0.070    -0.108  -0.025 -0.053    0.013  0.010  0.032   0.054
FSLAMIN     -0.051  0.009 -0.064 -0.036   0.019     0.058  -0.069  0.034   -0.009 -0.017 -0.094  -0.098
           SLAMAX  TBASE  TCRES TOPTGE TRANCO  TVERN TVERND TVERNDMN     YG
LOG10CLVI  -0.014  0.149  0.056 -0.064 -0.074  0.035 -0.003   -0.042  0.093
TILTOTI     0.020 -0.012 -0.025  0.002  0.000  0.050  0.006   -0.134  0.050
VERNDI      0.098  0.037 -0.002  0.093  0.004 -0.020 -0.027    0.106  0.055
ABASAL      0.016 -0.146  0.047 -0.041  0.054  0.041 -0.103    0.071  0.026
BASALI      0.048 -0.034  0.007 -0.065  0.019 -0.028  0.007   -0.034 -0.021
BD         -0.029 -0.104 -0.069 -0.015 -0.035 -0.002 -0.034    0.080  0.042
COCRESMX    0.003 -0.001 -0.005  0.046  0.031  0.028  0.109    0.015 -0.017
CSTAVM      0.073 -0.085 -0.037  0.133 -0.015 -0.023 -0.101   -0.079 -0.013
DAYLB      -0.065  0.058  0.176 -0.014 -0.010  0.037 -0.014   -0.055 -0.173
DAYLG1G2   -0.029 -0.099  0.025  0.010  0.010 -0.062 -0.067   -0.022 -0.116
DAYLGEA    -0.008  0.029  0.005  0.118 -0.112 -0.007 -0.058   -0.096  0.014
DAYLP       0.027  0.106 -0.047 -0.045  0.034 -0.024  0.135   -0.087 -0.099
DAYLRV      0.049 -0.026  0.014 -0.027 -0.047  0.009 -0.017    0.039  0.016
DLMXGE      0.010  0.009 -0.100  0.020 -0.173 -0.043  0.015    0.038  0.051
FCOCRESMN  -0.014 -0.062  0.003  0.118 -0.071  0.033  0.011    0.071 -0.035
FGRESSI     0.011  0.118 -0.070 -0.027  0.007 -0.058  0.040    0.016 -0.053
FSLAMIN    -0.284 -0.112  0.076 -0.012  0.183 -0.003 -0.085   -0.063  0.047
 [ reached getOption("max.print") -- omitted 39 rows ]
