BASAL	2011	220	97.33025165925	20	sd	1
BASAL	2011	313	92.6442081760334	20	sd	1
BASAL	2012	10	70.1845000587089	20	sd	1
BASAL	2012	82	64.6717671300091	20	sd	1
BASAL	2012	229	85.4343116911424	20	sd	1
BASAL	2012	310	87.315098739215	20	sd	1
BASAL	2013	16	67.3918591308385	20	sd	1
BASAL	2013	127	79.3381612770647	20	sd	1
BASAL	2013	238	91.0838337526033	20	sd	1
BASAL	2013	319	87.5139913583366	20	sd	1
BASAL	2014	13	67.248100836936	20	sd	1
BASAL	2014	146	94.0727671042743	20	sd	1
BASAL	2014	260	87.9356788309806	20	sd	1
BASAL	2014	315	85.9960223780615	20	sd	1
BASAL	2015	7	42.2210064637664	20	sd	1
BASAL	2015	98	18.3660788809186	20	sd	1
BASAL	2015	222	92.4880694527617	20	sd	1
BASAL	2015	313	78.1604731705791	20	sd	1
BASAL	2016	19	40.9422837796205	20	sd	1
BASAL	2016	104	39.6347954371732	20	sd	1
BASAL	2016	244	85.1956503653648	20	sd	1
BASAL	2016	304	64.0423976132036	20	sd	1
BASAL	2017	23	20.5949019287481	20	sd	1
BASAL	2017	100	30.9449166233223	20	sd	1
CLV	2011	220	110.997089634932	30	sd	1
CLV	2011	313	127.805070194349	30	sd	1
CLV	2012	10	92.4282830303745	30	sd	1
CLV	2012	82	67.1970751543045	30	sd	1
CLV	2012	229	97.281971630367	30	sd	1
CLV	2012	310	122.98687482288	30	sd	1
CLV	2013	16	43.6561844261139	30	sd	1
CLV	2013	127	87.7463629146318	30	sd	1
CLV	2013	238	99.7499662577024	30	sd	1
CLV	2013	319	106.804460251402	30	sd	1
CLV	2014	13	73.6639469600172	30	sd	1
CLV	2014	146	101.203867048197	30	sd	1
CLV	2014	260	100.155412270522	30	sd	1
CLV	2014	315	84.5921347575583	30	sd	1
CLV	2015	7	29.4825898095989	30	sd	1
CLV	2015	98	13.1828775123895	30	sd	1
CLV	2015	222	89.800000684616	30	sd	1
CLV	2015	313	102.586365805677	30	sd	1
CLV	2016	19	26.6522787671158	30	sd	1
CLV	2016	104	26.4104884751991	30	sd	1
CLV	2016	244	73.1670967618491	30	sd	1
CLV	2016	304	75.6738973774512	30	sd	1
CLV	2017	23	13.518330554177	30	sd	1
CLV	2017	100	24.4544181107364	30	sd	1
CLVD	2011	220	11.2737027957637	20	sd	1
CLVD	2011	313	17.555201764497	20	sd	1
CLVD	2012	10	28.4158401943132	20	sd	1
CLVD	2012	82	29.2191607950061	20	sd	1
CLVD	2012	229	16.5853023754185	20	sd	1
CLVD	2012	310	22.9381580937248	20	sd	1
CLVD	2013	16	36.3447249694805	20	sd	1
CLVD	2013	127	14.9389721385011	20	sd	1
CLVD	2013	238	12.3611689110464	20	sd	1
CLVD	2013	319	20.2932667905446	20	sd	1
CLVD	2014	13	21.5839488352905	20	sd	1
CLVD	2014	146	10.4158490537334	20	sd	1
CLVD	2014	260	11.8297731273642	20	sd	1
CLVD	2014	315	21.944110872892	20	sd	1
CLVD	2015	7	24.3323421630623	20	sd	1
CLVD	2015	98	8.60304522143014	20	sd	1
CLVD	2015	222	13.6237009449502	20	sd	1
CLVD	2015	313	23.1111890837805	20	sd	1
CLVD	2016	19	21.7769812253479	20	sd	1
CLVD	2016	104	16.0904558551935	20	sd	1
CLVD	2016	244	12.6797170134903	20	sd	1
CLVD	2016	304	18.8362230294248	20	sd	1
CLVD	2017	23	11.1819996488856	20	sd	1
CLVD	2017	100	10.8249584151808	20	sd	1
CRT	2011	220	199.794761342878	60	sd	1
CRT	2011	313	230.049126349828	60	sd	1
CRT	2012	10	166.370909454674	60	sd	1
CRT	2012	82	120.954735277748	60	sd	1
CRT	2012	229	175.107548934661	60	sd	1
CRT	2012	310	221.376374681183	60	sd	1
CRT	2013	16	78.581131967005	60	sd	1
CRT	2013	127	157.943453246337	60	sd	1
CRT	2013	238	179.549939263864	60	sd	1
CRT	2013	319	192.248028452524	60	sd	1
CRT	2014	13	132.595104528031	60	sd	1
CRT	2014	146	182.166960686754	60	sd	1
CRT	2014	260	180.27974208694	60	sd	1
CRT	2014	315	152.265842563605	60	sd	1
CRT	2015	7	53.0686616572781	60	sd	1
CRT	2015	98	23.7291795223011	60	sd	1
CRT	2015	222	161.640001232309	60	sd	1
CRT	2015	313	184.655458450218	60	sd	1
CRT	2016	19	47.9741017808084	60	sd	1
CRT	2016	104	47.5388792553584	60	sd	1
CRT	2016	244	131.700774171328	60	sd	1
CRT	2016	304	136.213015279412	60	sd	1
CRT	2017	23	24.3329949975186	60	sd	1
CRT	2017	100	44.0179525993256	60	sd	1
CST	2011	220	0	10	sd	1
CST	2011	313	3.62479075276566	10	sd	1
CST	2012	10	11.3217735074214	10	sd	1
CST	2012	82	1.46833877441494	10	sd	1
CST	2012	229	0	10	sd	1
CST	2012	310	9.52566047004307	10	sd	1
CST	2013	16	17.9436932605102	10	sd	1
CST	2013	127	0	10	sd	1
CST	2013	238	0	10	sd	1
CST	2013	319	8.99627844608305	10	sd	1
CST	2014	13	3.91849604262625	10	sd	1
CST	2014	146	0	10	sd	1
CST	2014	260	0	10	sd	1
CST	2014	315	10.2897492234708	10	sd	1
CST	2015	7	8.00973291010811	10	sd	1
CST	2015	98	0	10	sd	1
CST	2015	222	0	10	sd	1
CST	2015	313	4.87863099327198	10	sd	1
CST	2016	19	7.43480917272722	10	sd	1
CST	2016	104	0	10	sd	1
CST	2016	244	0	10	sd	1
CST	2016	304	1.90405301653389	10	sd	1
CST	2017	23	3.33401398380023	10	sd	1
CST	2017	100	0	10	sd	1
TILTOT	2011	124	2736	2000	sd	1
TILTOT	2011	235	5512	2000	sd	1
TILTOT	2011	332	4373.33333333333	2000	sd	1
TILTOT	2012	108	4453.33333333333	2000	sd	1
TILTOT	2013	140	3560	2000	sd	1
TILTOT	2014	119	2480	2000	sd	1
TILTOT	2015	105	2033.33333333333	2000	sd	1
TILTOT	2016	118	1624	2000	sd	1
TILTOT	2017	110	1640	2000	sd	1
WCLM	2017	25	21.75	10	sd	1
WCLM	2017	25	21.5	10	sd	1
WCLM	2017	25	16.25	10	sd	1
WCLM	2017	25	15	10	sd	1
WCLM	2017	25	18.5	10	sd	1
WCLM	2017	76	37	10	sd	1
WCLM	2017	76	30	10	sd	1
WCLM	2017	76	36	10	sd	1
WCLM	2017	87	41	10	sd	1
WCLM	2017	87	38.5	10	sd	1
WCLM	2017	87	39.5	10	sd	1
WCLM	2017	109	40	10	sd	1
WCLM	2017	109	53	10	sd	1
WCLM	2017	109	42	10	sd	1
WCLM	2017	118	38	10	sd	1
WCLM	2017	118	36	10	sd	1
WCLM	2017	118	36	10	sd	1
